Name;Dist;e_Dist;logBHMass;E_logBHMass;e_logBHMass;logsigma;e_logsigma;logLk;e_logLk;logRe;e_logRe;cov;C28;e_C28;logAGN;e_logAGN;Meth
 ;Mpc;Mpc;[Msun];[Msun];[Msun];[km/s];[km/s];[Lsun];[Lsun];[kpc];[kpc]; ; ; ;[Lsun];[Lsun];
3C120         ; 141.4;14.1; 7.73; 0.15; 0.15; 2.21; 0.05;11.20; 0.09; 1.00; 0.06; 0.05; 3.8; 0.2;11.39; 0.00;reverb
3C390.3       ; 240.3;24.0; 8.62; 0.16; 0.16; 2.44; 0.03;11.25; 0.10; 0.64; 0.09; 0.14; 3.9; 0.8;11.26; 0.04;reverb
A1836BCG      ; 152.4; 8.4; 9.57; 0.06; 0.06; 2.46; 0.02;11.75; 0.06; 0.89; 0.06; 0.04; 4.9; 0.5;     ;     ;gas
A3565BCG      ;  49.2; 3.6; 9.11; 0.07; 0.07; 2.51; 0.02;11.83; 0.07; 0.98; 0.06; 0.04; 5.3; 0.2;     ;     ;gas
Ark120        ; 140.1;14.0; 8.05; 0.17; 0.17; 2.28; 0.02;11.20; 0.09; 0.74; 0.07; 0.05; 3.9; 0.4;11.53; 0.00;reverb
Arp151        ;  90.3; 9.0; 6.65; 0.16; 0.16; 2.07; 0.01;10.62; 0.09; 0.45; 0.13; 0.10;10.9; 3.3;     ;     ;reverb
Circinus      ;   2.8; 0.5; 6.06; 0.10; 0.10; 2.20; 0.05;10.22; 0.12; 0.18; 0.13; 0.09; 6.7; 0.6;     ;     ;maser
CygnusA       ; 257.1;25.7; 9.41; 0.13; 0.13; 2.43; 0.02;12.24; 0.10; 1.46; 0.08; 0.05; 4.4; 0.4;     ;     ;gas
ESO558-009    ; 102.5;10.2; 7.22; 0.03; 0.03; 2.23; 0.05;11.13; 0.10; 0.68; 0.13; 0.09; 5.6; 0.7;10.10; 0.09;maser
Fairall9      ; 201.4;20.1; 8.27; 0.21; 0.21; 2.35; 0.08;11.57; 0.09; 0.88; 0.07; 0.07; 4.1; 0.7;11.42; 0.02;reverb
Henize2-10    ;   9.0; 0.9; 0.00; 7.00; 0.00; 1.54; 0.19; 9.68; 0.10;-0.33; 0.10; 0.06; 5.1; 0.7;     ;     ;star
IC0342        ;   3.7; 0.4; 6.41; 0.29; 6.41; 1.78; 0.17;10.65; 0.10; 0.83; 0.11; 0.13; 3.4; 0.2;     ;     ;gas
IC1459        ;  28.9; 3.7; 9.39; 0.08; 0.08; 2.53; 0.02;11.64; 0.11; 0.80; 0.08; 0.05; 5.9; 0.3;     ;     ;star
IC1481        ;  89.9; 9.0; 7.15; 0.13; 0.13; 1.98; 0.12;10.99; 0.09; 0.50; 0.06; 0.06; 4.4; 0.5; 9.73; 0.12;maser
IC2560        ;  41.8; 4.2; 7.64; 0.05; 0.05; 2.15; 0.03;11.26; 0.10; 1.09; 0.10; 0.05; 4.5; 0.5; 9.60; 0.07;maser
IC3639        ;  44.8; 4.5; 7.01; 0.35; 7.01; 1.96; 0.02;10.76; 0.09; 0.33; 0.05; 0.07; 3.8; 0.5; 9.71; 0.13;gas
J0437+2456    ;  66.0; 6.6; 6.45; 0.03; 0.03; 2.04; 0.05;10.61; 0.08; 0.70; 0.05; 0.04; 3.0; 0.4; 9.57; 0.03;maser
Mrk0050       ; 100.3;10.0; 7.40; 0.18; 0.18; 2.03; 0.06;10.44; 0.08; 0.30; 0.06; 0.07; 3.2; 0.8; 9.93; 0.03;reverb
Mrk0079       ;  95.0; 9.5; 7.58; 0.23; 0.23; 2.11; 0.04;11.17; 0.09; 0.93; 0.06; 0.04; 3.2; 0.3;10.99; 0.00;reverb
Mrk0202       ;  90.0; 9.0; 6.11; 0.28; 0.28; 1.89; 0.02;10.48; 0.10; 0.35; 0.09; 0.10; 5.8; 2.0; 9.48; 0.21;reverb
Mrk0509       ; 147.3;14.7; 8.03; 0.15; 0.15; 2.26; 0.03;11.19; 0.10; 0.58; 0.09; 0.09; 4.1; 0.7;11.54; 0.01;reverb
Mrk0590       ; 113.0;11.3; 7.55; 0.18; 0.18; 2.28; 0.01;11.58; 0.09; 0.96; 0.06; 0.05; 5.1; 0.4;11.14; 0.01;reverb
Mrk0817       ; 134.7;13.5; 7.57; 0.18; 0.18; 2.08; 0.05;11.17; 0.08; 0.76; 0.05; 0.05; 3.6; 0.6;11.23; 0.00;reverb
Mrk1216       ;  94.0; 9.4; 9.30; 0.70; 9.30; 2.49; 0.01;11.29; 0.09; 0.47; 0.07; 0.06; 6.6; 2.2;     ;     ;star
Mrk1310       ;  83.8; 8.4; 6.19; 0.19; 0.19; 1.92; 0.03;10.35; 0.10; 0.28; 0.08; 0.06; 2.8; 0.6;10.02; 0.01;reverb
NGC0193       ;  49.7; 5.0; 8.40; 0.32; 0.32; 2.27; 0.04;11.24; 0.08; 0.83; 0.07; 0.05; 5.9; 0.3;     ;     ;gas
NGC0205       ;   0.7; 0.1; 0.00; 4.34; 0.00; 1.59; 0.07; 8.66; 0.11;-0.25; 0.08; 0.05; 3.4; 0.5;     ;     ;star
NGC0221       ;   0.8; 0.0; 6.39; 0.19; 0.19; 1.87; 0.02; 9.11; 0.04;-0.90; 0.04; 0.02; 5.0; 0.3;     ;     ;star
NGC0289       ;  17.1; 1.7; 7.38; 0.30; 7.38; 2.03; 0.05;10.60; 0.08; 0.35; 0.04; 0.04; 3.0; 0.2;     ;     ;gas
NGC0307       ;  52.8; 5.7; 8.60; 0.06; 0.06; 2.31; 0.01;10.95; 0.08; 0.44; 0.07; 0.06; 6.5; 0.6;     ;     ;stars
NGC0315       ;  57.7; 5.8; 8.92; 0.31; 0.31; 2.49; 0.04;11.79; 0.08; 1.01; 0.05; 0.05; 4.9; 0.2;     ;     ;gas
NGC0383       ;  59.2; 5.9; 8.76; 0.32; 0.32; 2.38; 0.03;11.69; 0.11; 1.09; 0.13; 0.07; 6.1; 0.4;     ;     ;gas
NGC0404       ;   3.1; 0.3; 5.65; 0.25; 0.25; 1.39; 0.09; 9.39; 0.10;-0.23; 0.09; 0.05; 4.7; 0.3;     ;     ;gas
NGC0428       ;  16.1; 1.6; 4.48; 0.37; 4.48; 1.50; 0.07;10.01; 0.09; 0.51; 0.06; 0.04; 3.4; 0.3;     ;     ;star
NGC0524       ;  24.2; 2.2; 8.94; 0.05; 0.05; 2.37; 0.02;11.29; 0.08; 0.56; 0.07; 0.04; 4.7; 0.4;     ;     ;star
NGC0541       ;  63.7; 6.4; 8.59; 0.34; 0.34; 2.28; 0.01;11.36; 0.10; 0.92; 0.09; 0.06; 6.1; 0.3;     ;     ;gas
NGC0598       ;   0.8; 0.1; 0.00; 3.15; 0.00; 1.26; 0.20; 9.39; 0.12; 0.32; 0.10; 0.11; 2.8; 0.4; 6.59; 0.06;star
NGC0613       ;  15.4; 1.5; 7.60; 0.35; 0.35; 2.09; 0.07;10.97; 0.12; 0.82; 0.11; 0.06; 4.7; 0.3;     ;     ;gas
NGC0741       ;  65.7; 6.6; 8.67; 0.37; 0.37; 2.37; 0.02;11.82; 0.09; 1.18; 0.07; 0.05; 5.5; 0.3;     ;     ;gas
NGC0788       ;  47.9; 4.8; 7.92; 0.28; 0.28; 2.10; 0.06;11.14; 0.09; 0.59; 0.09; 0.05; 4.6; 0.6;     ;     ;gas
NGC0821       ;  23.4; 1.8; 8.22; 0.21; 0.21; 2.32; 0.02;11.14; 0.08; 0.82; 0.09; 0.05; 5.9; 0.3;     ;     ;star
NGC1023       ;  10.8; 0.8; 7.62; 0.05; 0.05; 2.22; 0.02;10.94; 0.07; 0.49; 0.10; 0.06; 5.9; 0.4;     ;     ;star
NGC1042       ;  18.2; 1.8; 4.40; 2.08; 4.40; 1.64; 0.07;10.48; 0.09; 0.78; 0.06; 0.05; 2.8; 0.5; 8.03; 0.21;star
NGC1052       ;  18.1; 1.8; 8.24; 0.29; 0.29; 2.28; 0.01;10.92; 0.08; 0.34; 0.05; 0.05; 5.4; 0.3;     ;     ;gas
NGC1097       ;  14.5; 1.5; 8.14; 0.09; 0.09; 2.29; 0.01;11.18; 0.10; 0.74; 0.12; 0.08; 6.1; 0.4;     ;     ;CO
NGC1194       ;  58.0; 6.3; 7.85; 0.05; 0.05; 2.17; 0.07;11.06; 0.09; 0.74; 0.06; 0.05; 5.8; 0.4; 9.54; 1.89;maser
NGC1271       ;  84.0; 8.4; 9.53; 0.06; 0.06; 2.45; 0.01;11.07; 0.08; 0.33; 0.07; 0.07; 9.1; 4.0;     ;     ;star
NGC1275       ;  70.0; 7.0; 8.98; 0.20; 0.20; 2.39; 0.05;11.84; 0.08; 1.15; 0.05; 0.05; 4.9; 0.2;     ;     ;gas
NGC1277       ;  71.0; 7.1; 9.67; 0.15; 0.15; 2.50; 0.01;11.07; 0.08; 0.15; 0.07; 0.07; 7.8; 3.2;     ;     ;star
NGC1316       ;  18.6; 0.6; 8.18; 0.25; 0.25; 2.35; 0.02;11.91; 0.06; 1.20; 0.13; 0.07; 6.0; 0.3;     ;     ;star
NGC1320       ;  49.1; 4.9; 6.74; 0.16; 0.16; 2.15; 0.05;11.01; 0.09; 0.60; 0.08; 0.07; 5.2; 0.4; 9.21; 3.27;maser
NGC1332       ;  22.3; 1.9; 8.83; 0.04; 0.04; 2.52; 0.02;11.31; 0.08; 0.68; 0.12; 0.06; 6.9; 0.6;     ;     ;CO
NGC1358       ;  48.2; 4.8; 8.37; 0.32; 0.32; 2.23; 0.05;11.28; 0.11; 0.94; 0.12; 0.07; 5.9; 0.5;     ;     ;gas
NGC1374       ;  19.2; 0.7; 8.76; 0.06; 0.06; 2.31; 0.02;10.67; 0.03; 0.24; 0.03; 0.02; 5.2; 0.3;     ;     ;star
NGC1386       ;  16.1; 1.6; 6.07; 0.29; 0.29; 2.22; 0.02;10.51; 0.08; 0.25; 0.06; 0.05; 5.5; 0.3; 8.66; 1.93;maser
NGC1398       ;  24.8; 4.1; 8.03; 0.08; 0.08; 2.37; 0.01;11.66; 0.15; 0.91; 0.11; 0.08; 5.6; 0.4;     ;     ;stars
NGC1399       ;  20.9; 0.7; 8.94; 0.31; 0.31; 2.53; 0.02;11.54; 0.05; 0.74; 0.09; 0.05; 5.6; 0.4;     ;     ;star
NGC1407       ;  28.0; 3.4; 9.65; 0.08; 0.08; 2.45; 0.02;11.72; 0.12; 0.97; 0.11; 0.08; 5.4; 0.5;     ;     ;star
NGC1428       ;  20.7; 2.1; 0.00; 7.00; 0.00; 1.91; 0.02; 9.89; 0.09; 0.04; 0.06; 0.05; 3.8; 0.3;     ;     ;star
NGC1493       ;  11.4; 1.1; 5.40; 0.51; 5.40; 1.55; 0.07; 9.96; 0.12; 0.51; 0.09; 0.07; 3.1; 0.6;     ;     ;star
NGC1497       ;  75.3; 7.5; 8.63; 0.19; 0.19; 2.39; 0.04;11.32; 0.08; 0.73; 0.05; 0.05; 5.4; 0.4;     ;     ;gas
NGC1550       ;  51.6; 5.6; 9.57; 0.07; 0.07; 2.48; 0.02;11.32; 0.10; 0.66; 0.08; 0.05; 5.8; 0.4;     ;     ;star
NGC1600       ;  64.0; 6.4;10.23; 0.04; 0.04; 2.47; 0.02;11.86; 0.08; 1.08; 0.05; 0.04; 4.9; 0.2;     ;     ;star
NGC1667       ;  56.1; 5.6; 8.20; 0.23; 0.23; 2.24; 0.07;11.32; 0.10; 0.69; 0.08; 0.05; 3.9; 0.6;     ;     ;gas
NGC1961       ;  48.6; 4.9; 8.29; 0.34; 0.34; 2.34; 0.08;11.74; 0.09; 1.20; 0.07; 0.05; 5.5; 0.4;     ;     ;gas
NGC2110       ;  29.1; 2.9; 8.12; 0.64; 0.64; 2.30; 0.05;11.04; 0.08; 0.40; 0.06; 0.05; 5.6; 0.4;     ;     ;gas
NGC2179       ;  35.8; 3.6; 8.31; 0.23; 0.23; 2.19; 0.03;10.86; 0.10; 0.53; 0.08; 0.05; 5.9; 0.4;     ;     ;gas
NGC2273       ;  29.5; 1.9; 6.93; 0.04; 0.04; 2.16; 0.05;10.98; 0.07; 0.60; 0.09; 0.05; 5.8; 0.5;     ;     ;maser
NGC2329       ;  72.3; 7.2; 8.18; 0.18; 0.18; 2.34; 0.03;11.46; 0.10; 0.84; 0.08; 0.06; 5.4; 0.3;     ;     ;gas
NGC2549       ;  12.7; 1.6; 7.16; 0.37; 0.37; 2.15; 0.02;10.29; 0.10; 0.05; 0.05; 0.05; 5.4; 0.2;     ;     ;star
NGC2685       ;  12.5; 1.3; 6.59; 0.41; 6.59; 2.02; 0.02;10.20; 0.09; 0.20; 0.08; 0.05; 5.1; 0.3;     ;     ;gas
NGC2748       ;  23.4; 8.2; 7.65; 0.24; 0.24; 2.06; 0.02;10.62; 0.25; 0.53; 0.14; 0.13; 4.2; 0.3;     ;     ;gas
NGC2778       ;  23.4; 2.3; 7.16; 0.30; 7.16; 2.12; 0.02;10.27; 0.08; 0.08; 0.06; 0.05; 5.1; 0.4;     ;     ;star
NGC2787       ;   7.4; 1.2; 7.61; 0.09; 0.09; 2.28; 0.02;10.21; 0.13;-0.02; 0.07; 0.06; 4.9; 0.3;     ;     ;gas
NGC2892       ;  86.2; 8.6; 8.43; 0.11; 0.11; 2.47; 0.03;11.54; 0.08; 0.83; 0.07; 0.05; 5.2; 0.4;     ;     ;gas
NGC2903       ;  10.4; 1.0; 7.06; 0.28; 7.06; 1.97; 0.06;11.06; 0.12; 0.73; 0.11; 0.04; 3.3; 0.3;     ;     ;gas
NGC2960       ;  67.1; 7.1; 7.03; 0.05; 0.05; 2.18; 0.02;11.14; 0.09; 0.73; 0.08; 0.08; 5.7; 0.3;10.02; 0.11;maser
NGC2964       ;  19.7; 2.0; 6.73; 0.61; 6.73; 1.97; 0.09;10.63; 0.08; 0.41; 0.05; 0.05; 4.0; 0.4;     ;     ;gas
NGC2974       ;  21.5; 2.4; 8.23; 0.09; 0.09; 2.36; 0.02;11.04; 0.09; 0.55; 0.07; 0.06; 5.8; 0.4;     ;     ;stars
NGC3021       ;  22.4; 2.2; 7.26; 0.30; 7.26; 1.70; 0.20;10.40; 0.09; 0.31; 0.06; 0.04; 3.6; 0.3;     ;     ;gas
NGC3031       ;   3.6; 0.1; 7.81; 0.13; 0.13; 2.15; 0.02;10.93; 0.08; 0.44; 0.11; 0.04; 5.0; 0.3;     ;     ;gas
NGC3078       ;  32.8; 3.3; 7.91; 0.42; 0.42; 2.32; 0.03;11.27; 0.09; 0.55; 0.07; 0.05; 5.6; 0.4; 9.57; 0.04;gas
NGC3079       ;  15.9; 1.2; 6.40; 0.05; 0.05; 2.16; 0.02;10.86; 0.07; 0.63; 0.05; 0.03; 5.4; 0.4;     ;     ;maser
NGC3081       ;  33.5; 3.4; 7.20; 0.30; 0.30; 2.09; 0.03;10.96; 0.11; 0.66; 0.13; 0.06; 5.4; 0.6;     ;     ;gas
NGC3091       ;  51.2; 8.3; 9.56; 0.07; 0.07; 2.49; 0.02;11.62; 0.12; 0.89; 0.09; 0.07; 5.7; 0.4;     ;     ;star
NGC3115       ;   9.5; 0.4; 8.95; 0.09; 0.09; 2.36; 0.02;10.98; 0.04; 0.42; 0.06; 0.03; 5.4; 0.3;     ;     ;star
NGC3227       ;  23.8; 2.6; 7.32; 0.23; 0.23; 2.12; 0.04;11.21; 0.13; 1.03; 0.14; 0.06; 4.9; 0.4; 9.51; 0.12;star
NGC3245       ;  21.4; 2.0; 8.38; 0.11; 0.11; 2.25; 0.02;10.86; 0.09; 0.39; 0.05; 0.05; 5.5; 0.3; 9.26; 0.15;gas
NGC3310       ;  17.4; 1.7; 6.70; 0.92; 6.70; 1.92; 0.02;10.42; 0.09; 0.07; 0.08; 0.05; 4.7; 0.8;     ;     ;gas
NGC3351       ;   9.3; 0.9; 6.52; 0.26; 6.52; 1.97; 0.07;10.76; 0.10; 0.59; 0.11; 0.06; 4.9; 0.4;     ;     ;gas
NGC3368       ;  10.4; 1.0; 6.88; 0.08; 0.08; 2.08; 0.09;10.95; 0.07; 0.49; 0.06; 0.05; 5.7; 0.4;     ;     ;star
NGC3377       ;  11.0; 0.5; 8.25; 0.25; 0.25; 2.11; 0.02;10.52; 0.06; 0.36; 0.11; 0.06; 5.9; 0.4;     ;     ;star
NGC3379       ;  10.7; 0.5; 8.62; 0.11; 0.11; 2.27; 0.02;11.01; 0.06; 0.48; 0.09; 0.05; 6.3; 0.5;     ;     ;star
NGC3384       ;  11.5; 0.7; 7.03; 0.21; 0.21; 2.14; 0.02;10.85; 0.09; 0.49; 0.21; 0.14; 7.1; 0.7;     ;     ;star
NGC3393       ;  49.2; 8.2; 7.20; 0.33; 0.33; 2.17; 0.03;11.15; 0.15; 0.78; 0.11; 0.09; 5.8; 0.4; 9.52; 0.14;maser
NGC3414       ;  25.2; 2.7; 8.40; 0.07; 0.07; 2.28; 0.02;10.99; 0.11; 0.46; 0.08; 0.05; 5.5; 0.3;     ;     ;stars
NGC3423       ;  14.6; 1.5; 5.18; 0.67; 5.18; 1.62; 0.07;10.35; 0.09; 0.71; 0.07; 0.04; 3.6; 0.2;     ;     ;star
NGC3489       ;  12.1; 0.8; 6.78; 0.05; 0.05; 2.01; 0.02;10.60; 0.07; 0.18; 0.08; 0.06; 5.9; 0.5; 9.15; 0.05;star
NGC3585       ;  20.5; 1.7; 8.52; 0.13; 0.13; 2.33; 0.02;11.42; 0.07; 0.80; 0.07; 0.04; 5.7; 0.3;     ;     ;star
NGC3607       ;  22.6; 1.8; 8.14; 0.16; 0.16; 2.32; 0.02;11.35; 0.07; 0.60; 0.09; 0.05; 5.8; 0.5;     ;     ;star
NGC3608       ;  22.8; 1.5; 8.67; 0.10; 0.10; 2.23; 0.02;10.92; 0.07; 0.47; 0.06; 0.04; 5.5; 0.3;     ;     ;star
NGC3621       ;   6.6; 0.7; 6.00; 0.48; 6.00; 1.79; 0.03;10.46; 0.10; 0.63; 0.11; 0.06; 4.9; 0.6;     ;     ;star
NGC3627       ;  10.1; 1.1; 6.93; 0.05; 0.05; 2.09; 0.01;11.02; 0.09; 0.63; 0.07; 0.05; 4.0; 0.4;     ;     ;stars
NGC3642       ;  21.6; 2.2; 7.42; 0.04; 7.42; 1.97; 0.11;10.35; 0.10; 0.27; 0.06; 0.05; 4.5; 0.3;     ;     ;gas
NGC3665       ;  34.7; 6.7; 8.76; 0.09; 0.09; 2.34; 0.02;11.50; 0.15; 0.80; 0.09; 0.08; 5.4; 0.3;     ;     ;CO
NGC3675       ;  12.4; 1.2; 7.26; 0.29; 7.26; 2.02; 0.02;10.83; 0.09; 0.55; 0.06; 0.05; 4.0; 0.2;     ;     ;gas
NGC3706       ;  46.0; 4.6; 9.77; 0.06; 0.06; 2.51; 0.01;11.58; 0.08; 0.80; 0.05; 0.04; 5.8; 0.4;     ;     ;star
NGC3783       ;  41.7; 4.2; 7.36; 0.19; 0.19; 1.98; 0.05;11.06; 0.10; 0.69; 0.06; 0.05; 3.6; 0.4;10.58; 0.01;reverb
NGC3801       ;  46.3; 4.6; 8.28; 0.31; 0.31; 2.32; 0.04;11.22; 0.09; 0.78; 0.09; 0.06; 5.5; 0.4;     ;     ;gas
NGC3842       ;  92.2;10.6; 9.96; 0.14; 0.14; 2.44; 0.02;11.81; 0.11; 1.11; 0.07; 0.06; 5.4; 0.2;     ;     ;star
NGC3862       ;  84.6; 8.5; 8.41; 0.37; 0.37; 2.32; 0.03;11.59; 0.09; 1.08; 0.10; 0.07; 6.5; 0.3;     ;     ;gas
NGC3923       ;  20.9; 2.7; 9.45; 0.12; 0.12; 2.35; 0.02;11.50; 0.11; 0.89; 0.10; 0.06; 5.1; 0.4;     ;     ;stars
NGC3945       ;  19.5; 2.0; 6.94; 0.46; 6.94; 2.25; 0.02;10.89; 0.09; 0.29; 0.07; 0.05; 4.8; 0.4;     ;     ;star
NGC3953       ;  15.4; 1.5; 7.33; 0.29; 0.29; 2.11; 0.01;11.05; 0.10; 0.87; 0.09; 0.05; 4.7; 0.4;     ;     ;gas
NGC3982       ;  15.9; 1.6; 6.95; 0.26; 6.95; 1.89; 0.01;10.23; 0.09; 0.16; 0.06; 0.05; 3.2; 0.4;     ;     ;gas
NGC3992       ;  15.3; 1.5; 7.51; 0.28; 0.28; 2.09; 0.06;11.15; 0.12; 1.07; 0.13; 0.06; 4.3; 0.5;     ;     ;gas
NGC3998       ;  14.3; 1.3; 8.93; 0.05; 0.05; 2.35; 0.02;10.71; 0.07; 0.11; 0.06; 0.05; 5.6; 0.3; 9.15; 0.27;star
NGC4026       ;  13.4; 1.7; 8.26; 0.12; 0.12; 2.19; 0.02;10.55; 0.11; 0.22; 0.07; 0.07; 6.0; 0.3;     ;     ;star
NGC4036       ;  19.0; 1.9; 7.89; 0.36; 0.36; 2.26; 0.02;10.90; 0.09; 0.43; 0.06; 0.04; 5.0; 0.3;     ;     ;gas
NGC4051       ;  10.0; 1.0; 6.10; 0.25; 0.25; 1.95; 0.01;10.28; 0.08; 0.60; 0.04; 0.04; 3.5; 0.2; 9.28; 0.01;reverb
NGC4088       ;  11.9; 1.2; 6.79; 0.29; 6.79; 1.93; 0.02;10.50; 0.08; 0.55; 0.04; 0.04; 3.2; 0.1;     ;     ;gas
NGC4143       ;  14.8; 1.5; 7.92; 0.36; 0.36; 2.25; 0.02;10.55; 0.08; 0.04; 0.05; 0.05; 5.3; 0.4;     ;     ;gas
NGC4150       ;  12.8; 1.3; 5.94; 0.44; 5.94; 1.91; 0.02;10.08; 0.10; 0.00; 0.06; 0.05; 5.7; 0.4;     ;     ;gas
NGC4151       ;  20.0; 2.8; 7.81; 0.08; 0.08; 1.98; 0.01;10.96; 0.13; 0.60; 0.12; 0.08; 7.1; 0.3;10.23; 0.03;star
NGC4203       ;  14.1; 1.4; 7.82; 0.26; 0.26; 2.11; 0.02;10.76; 0.11; 0.42; 0.13; 0.07; 5.8; 0.4;     ;     ;gas
NGC4212       ;   3.2; 0.3; 5.99; 0.42; 5.99; 1.83; 0.02; 9.10; 0.09;-0.19; 0.05; 0.04; 3.1; 0.4;     ;     ;gas
NGC4245       ;  14.6; 1.5; 7.19; 0.48; 7.19; 1.92; 0.02;10.42; 0.10; 0.41; 0.09; 0.06; 5.1; 0.3;     ;     ;gas
NGC4253       ;  55.4; 5.5; 6.80; 0.17; 0.17; 1.94; 0.16;10.69; 0.10; 0.61; 0.06; 0.05; 2.9; 0.5;10.53; 0.00;reverb
NGC4258       ;   7.3; 0.5; 7.58; 0.03; 0.03; 2.06; 0.04;10.90; 0.08; 0.64; 0.08; 0.03; 4.1; 0.3; 8.53; 0.07;maser
NGC4261       ;  32.4; 2.8; 8.72; 0.10; 0.10; 2.42; 0.02;11.60; 0.09; 0.86; 0.12; 0.06; 5.5; 0.5;     ;     ;gas
NGC4278       ;  15.0; 1.5; 7.96; 0.27; 0.27; 2.33; 0.02;10.87; 0.09; 0.24; 0.09; 0.07; 5.4; 0.6;     ;     ;gas
NGC4291       ;  26.6; 3.9; 8.99; 0.16; 0.16; 2.38; 0.02;10.95; 0.13; 0.44; 0.11; 0.08; 6.8; 0.5;     ;     ;star
NGC4303       ;  17.9; 1.8; 6.51; 0.74; 0.74; 1.92; 0.02;11.17; 0.12; 0.81; 0.11; 0.05; 3.9; 0.7;     ;     ;gas
NGC4314       ;  15.5; 1.5; 6.91; 0.30; 6.91; 2.03; 0.01;10.90; 0.11; 0.81; 0.12; 0.06; 5.2; 0.4;     ;     ;gas
NGC4321       ;  14.2; 1.4; 6.67; 0.17; 6.67; 1.92; 0.02;11.14; 0.11; 0.98; 0.13; 0.08; 4.2; 0.7;     ;     ;gas
NGC4335       ;  59.1; 5.9; 8.39; 0.31; 0.31; 2.41; 0.01;11.30; 0.09; 0.60; 0.07; 0.05; 5.8; 0.5;     ;     ;gas
NGC4342       ;  22.9; 1.4; 8.66; 0.19; 0.19; 2.38; 0.02;10.44; 0.05;-0.24; 0.06; 0.04; 8.6; 3.6;     ;     ;star
NGC4350       ;  17.0; 1.7; 8.58; 0.41; 0.41; 2.24; 0.02;10.69; 0.09; 0.23; 0.07; 0.05; 6.0; 0.4;     ;     ;star
NGC4371       ;  16.9; 1.5; 6.84; 0.07; 0.07; 2.16; 0.02;10.78; 0.08; 0.40; 0.05; 0.04; 4.7; 0.3;     ;     ;stars
NGC4374       ;  18.5; 0.6; 8.97; 0.05; 0.05; 2.41; 0.02;11.40; 0.03; 0.57; 0.03; 0.02; 5.0; 0.2;     ;     ;gas
NGC4382       ;  17.9; 1.8; 7.11; 1.24; 7.11; 2.25; 0.02;11.50; 0.09; 0.86; 0.08; 0.05; 4.8; 0.5;     ;     ;star
NGC4388       ;  16.5; 1.6; 6.86; 0.04; 0.04; 2.03; 0.03;10.72; 0.08; 0.75; 0.08; 0.05; 5.2; 0.5; 8.71; 0.05;maser
NGC4429       ;  18.2; 1.8; 7.85; 0.35; 0.35; 2.25; 0.02;11.42; 0.15; 1.04; 0.18; 0.06; 5.2; 0.4;     ;     ;gas
NGC4435       ;  17.0; 1.7; 0.00; 6.30; 0.00; 2.18; 0.02;10.70; 0.09; 0.14; 0.05; 0.05; 5.2; 0.3;     ;     ;star
NGC4450       ;  28.3; 2.8; 8.06; 0.28; 8.06; 2.03; 0.06;11.60; 0.11; 1.11; 0.11; 0.06; 4.7; 0.5;     ;     ;gas
NGC4459       ;  16.0; 0.5; 7.84; 0.09; 0.09; 2.20; 0.02;10.94; 0.04; 0.42; 0.06; 0.03; 5.8; 0.3;     ;     ;gas
NGC4472       ;  17.1; 0.6; 9.40; 0.04; 0.04; 2.40; 0.02;11.75; 0.07; 0.89; 0.11; 0.04; 5.2; 0.6;     ;     ;star
NGC4473       ;  15.2; 0.5; 7.95; 0.24; 0.24; 2.27; 0.02;10.89; 0.03; 0.38; 0.05; 0.03; 5.8; 0.3;     ;     ;star
NGC4477       ;  20.8; 2.1; 7.55; 0.30; 0.30; 2.17; 0.02;11.17; 0.11; 0.69; 0.10; 0.06; 5.1; 0.4;     ;     ;gas
NGC4486       ;  16.7; 0.6; 9.58; 0.10; 0.10; 2.42; 0.02;11.61; 0.05; 0.82; 0.07; 0.03; 5.7; 0.6; 7.57; 4.13;gas
NGC4486A      ;  16.0; 0.5; 7.10; 0.15; 0.15; 2.09; 0.02;10.08; 0.05;-0.19; 0.06; 0.03; 4.9; 0.7;     ;     ;star
NGC4486B      ;  16.5; 0.6; 8.60; 0.02; 0.02; 2.23; 0.02; 9.75; 0.05;-0.70; 0.12; 0.10; 4.8; 2.7;     ;     ;star
NGC4501       ;  16.5; 1.1; 7.30; 0.08; 0.08; 2.20; 0.01;11.27; 0.07; 0.72; 0.04; 0.03; 3.5; 0.2; 9.23; 0.07;stars
NGC4507       ;  47.0; 4.7; 7.18; 0.35; 0.35; 2.16; 0.02;11.08; 0.09; 0.62; 0.06; 0.04; 4.1; 0.3;10.38; 0.02;gas
NGC4526       ;  16.4; 1.8; 8.65; 0.12; 0.12; 2.32; 0.02;11.22; 0.09; 0.54; 0.10; 0.07; 5.6; 0.6;     ;     ;gas
NGC4548       ;  17.9; 1.8; 7.25; 0.29; 0.29; 2.16; 0.04;11.27; 0.16; 1.08; 0.17; 0.07; 4.2; 0.5;     ;     ;gas
NGC4552       ;  15.3; 1.0; 8.70; 0.05; 0.05; 2.35; 0.02;11.11; 0.06; 0.45; 0.07; 0.05; 6.3; 0.4;     ;     ;stars
NGC4564       ;  15.9; 0.5; 7.95; 0.12; 0.12; 2.19; 0.02;10.67; 0.04; 0.42; 0.06; 0.03; 6.5; 0.3;     ;     ;star
NGC4579       ;  23.0; 2.3; 7.96; 0.36; 7.96; 2.04; 0.06;11.61; 0.12; 1.03; 0.13; 0.07; 4.9; 0.6;     ;     ;gas
NGC4593       ;  38.5; 3.9; 6.86; 0.21; 0.21; 2.13; 0.02;11.35; 0.09; 0.98; 0.09; 0.06; 5.6; 0.3;10.28; 0.04;reverb
NGC4594       ;   9.9; 0.8; 8.82; 0.05; 0.05; 2.38; 0.02;11.39; 0.08; 0.74; 0.08; 0.04; 4.2; 0.2;     ;     ;star
NGC4596       ;  16.5; 6.2; 7.89; 0.26; 0.26; 2.10; 0.02;10.97; 0.26; 0.70; 0.16; 0.14; 5.3; 0.3;     ;     ;gas
NGC4621       ;  18.3; 3.0; 8.60; 0.09; 0.09; 2.30; 0.02;11.19; 0.12; 0.53; 0.06; 0.06; 5.2; 0.2;     ;     ;stars
NGC4649       ;  16.5; 0.6; 9.67; 0.10; 0.10; 2.43; 0.02;11.66; 0.06; 0.90; 0.10; 0.05; 5.8; 0.5;     ;     ;star
NGC4697       ;  12.5; 0.4; 8.31; 0.11; 0.11; 2.23; 0.02;11.08; 0.05; 0.64; 0.07; 0.03; 4.9; 0.3;     ;     ;star
NGC4698       ;  16.4; 1.6; 7.76; 0.16; 0.16; 2.09; 0.03;10.82; 0.10; 0.56; 0.08; 0.05; 5.0; 0.2;     ;     ;gas
NGC4742       ;  15.7; 1.6; 7.10; 0.15; 0.15; 1.95; 0.02;10.46; 0.09; 0.06; 0.11; 0.08; 7.8; 1.0;     ;     ;star
NGC4748       ;  62.7; 6.3; 6.36; 0.26; 0.26; 2.02; 0.05;10.82; 0.09; 0.62; 0.06; 0.04; 3.4; 0.3;10.30; 0.01;reverb
NGC4751       ;  26.9; 2.9; 9.15; 0.06; 0.06; 2.55; 0.02;10.95; 0.09; 0.52; 0.07; 0.05; 6.4; 0.4;     ;     ;star
NGC4800       ;  12.5; 1.3; 7.02; 0.53; 7.02; 2.01; 0.01;10.23; 0.08; 0.01; 0.05; 0.04; 4.2; 0.2;     ;     ;gas
NGC4889       ; 102.0; 5.2;10.32; 0.44; 0.44; 2.56; 0.02;12.13; 0.05; 1.34; 0.05; 0.03; 5.6; 0.2;     ;     ;star
NGC4945       ;   3.7; 0.4; 6.14; 0.18; 0.18; 2.13; 0.02;10.80; 0.12; 0.77; 0.12; 0.08; 3.9; 0.4;     ;     ;maser
NGC5005       ;  14.6; 1.5; 8.27; 0.23; 0.23; 2.30; 0.02;11.10; 0.09; 0.54; 0.06; 0.04; 5.0; 0.2;     ;     ;gas
NGC5055       ;   8.7; 0.9; 8.92; 0.10; 0.10; 2.00; 0.02;11.13; 0.10; 0.77; 0.09; 0.05; 4.7; 0.5;     ;     ;gas
NGC5077       ;  38.7; 8.4; 8.93; 0.27; 0.27; 2.35; 0.02;11.26; 0.16; 0.52; 0.08; 0.08; 5.1; 0.3;     ;     ;gas
NGC5127       ;  62.5; 6.3; 8.27; 0.41; 0.41; 2.29; 0.11;11.35; 0.09; 0.96; 0.07; 0.05; 5.4; 0.3;     ;     ;gas
NGC5128       ;   3.6; 0.2; 7.76; 0.08; 0.08; 2.18; 0.02;11.04; 0.06; 0.41; 0.06; 0.03; 4.9; 0.4;     ;     ;star
NGC5248       ;  17.9; 1.8; 6.30; 0.38; 0.38; 2.10; 0.04;10.97; 0.09; 0.69; 0.06; 0.05; 4.7; 0.2; 8.86; 0.06;gas
NGC5252       ; 103.7;10.4; 9.07; 0.34; 0.34; 2.28; 0.02;11.49; 0.09; 0.88; 0.06; 0.05; 5.2; 0.3;     ;     ;gas
NGC5273       ;  15.5; 1.5; 6.61; 0.27; 0.27; 1.82; 0.02;10.29; 0.09; 0.36; 0.07; 0.05; 4.1; 0.2; 7.49; 3.18;reverb
NGC5283       ;  34.5; 3.5; 7.41; 0.33; 0.33; 2.13; 0.04;10.44; 0.08; 0.06; 0.05; 0.06; 5.3; 0.7;     ;     ;gas
NGC5328       ;  64.1; 7.0; 9.67; 0.16; 0.16; 2.52; 0.02;11.71; 0.09; 0.94; 0.06; 0.05; 6.0; 0.3;     ;     ;star
NGC5347       ;  32.3; 3.2; 7.21; 0.42; 7.21; 1.80; 0.08;10.54; 0.09; 0.59; 0.07; 0.05; 5.2; 0.3;     ;     ;gas
NGC5419       ;  56.2; 6.1; 9.86; 0.14; 0.14; 2.57; 0.01;12.00; 0.09; 1.26; 0.07; 0.05; 5.5; 0.2;     ;     ;stars
NGC5427       ;  36.3; 3.6; 7.58; 0.30; 7.58; 1.80; 0.08;11.12; 0.13; 0.88; 0.12; 0.05; 4.2; 0.5;     ;     ;gas
NGC5457       ;   7.0; 0.7; 6.41; 0.08; 6.41; 1.35; 0.17;10.87; 0.13; 0.87; 0.08; 0.07; 3.5; 0.4; 6.93; 2.60;star
NGC5490       ;  65.2; 6.5; 8.73; 0.35; 0.35; 2.41; 0.04;11.48; 0.09; 0.70; 0.07; 0.05; 6.0; 0.4;     ;     ;gas
NGC5495       ; 126.3;11.6; 7.00; 0.05; 0.05; 2.22; 0.05;11.76; 0.14; 1.11; 0.15; 0.15; 3.8; 1.9;     ;     ;maser
NGC5516       ;  58.4; 6.3; 9.52; 0.06; 0.06; 2.48; 0.04;11.83; 0.09; 1.30; 0.09; 0.06; 6.3; 0.2;     ;     ;star
NGC5548       ;  73.6; 7.4; 7.70; 0.13; 0.13; 2.29; 0.03;11.21; 0.09; 0.64; 0.06; 0.06; 5.2; 0.6;10.85; 0.03;reverb
NGC5576       ;  25.7; 1.7; 8.44; 0.13; 0.13; 2.19; 0.02;11.18; 0.06; 0.69; 0.07; 0.04; 6.7; 0.3;     ;     ;star
NGC5643       ;  17.4; 1.7; 7.05; 0.59; 7.05; 1.95; 0.01;11.09; 0.12; 0.94; 0.13; 0.06; 3.8; 0.8;     ;     ;gas
NGC5695       ;  54.6; 5.5; 8.00; 0.32; 0.32; 2.16; 0.01;10.97; 0.10; 0.64; 0.08; 0.04; 4.6; 0.4;     ;     ;gas
NGC5728       ;  37.6; 3.8; 8.05; 0.29; 0.29; 2.28; 0.09;11.28; 0.10; 0.90; 0.08; 0.05; 6.0; 0.3;     ;     ;gas
NGC5765B      ; 113.0;11.3; 7.66; 0.03; 0.03; 2.20; 0.05;11.18; 0.08; 0.50; 0.06; 0.06; 3.6; 0.5;10.15; 0.04;maser
NGC5813       ;  32.2; 2.7; 8.85; 0.06; 0.06; 2.32; 0.02;11.50; 0.08; 0.96; 0.07; 0.04; 5.5; 0.3;     ;     ;stars
NGC5845       ;  25.9; 4.1; 8.69; 0.16; 0.16; 2.36; 0.02;10.53; 0.13;-0.31; 0.10; 0.09; 5.2; 1.2;     ;     ;star
NGC5846       ;  24.9; 2.3; 9.04; 0.06; 0.06; 2.35; 0.02;11.46; 0.09; 0.80; 0.10; 0.06; 5.0; 0.5;     ;     ;stars
NGC5879       ;  10.6; 1.1; 6.62; 0.28; 6.62; 1.73; 0.06; 9.92; 0.09; 0.08; 0.06; 0.05; 4.5; 0.4;     ;     ;gas
NGC5921       ;  20.5; 2.0; 7.07; 0.42; 7.07; 1.93; 0.05;10.79; 0.12; 0.81; 0.11; 0.05; 4.3; 0.5;     ;     ;gas
NGC6086       ; 138.0;11.5; 9.57; 0.17; 0.17; 2.50; 0.02;11.87; 0.08; 1.20; 0.08; 0.06; 6.2; 0.4;     ;     ;star
NGC6240(S)    ; 105.0;10.5; 9.17; 0.21; 0.21; 2.44; 0.07;11.84; 0.09; 0.93; 0.08; 0.05; 7.1; 1.0;     ;     ;star
NGC6251       ; 108.4; 9.0; 8.79; 0.16; 0.16; 2.46; 0.02;11.95; 0.07; 1.13; 0.07; 0.05; 5.8; 0.3;     ;     ;gas
NGC6300       ;  14.2; 1.4; 7.14; 0.20; 7.14; 1.94; 0.02;10.98; 0.11; 0.74; 0.09; 0.05; 3.9; 0.3;     ;     ;gas
NGC6323       ; 113.4;12.3; 7.00; 0.05; 0.05; 2.20; 0.07;11.25; 0.09; 0.91; 0.05; 0.05; 3.3; 0.2; 9.45; 0.14;maser
NGC6500       ;  36.5; 3.6; 8.34; 0.26; 0.26; 2.33; 0.01;10.90; 0.08; 0.50; 0.05; 0.05; 5.6; 0.3;     ;     ;gas
NGC6503       ;   5.3; 0.5; 6.30; 0.11; 6.30; 1.74; 0.02; 9.92; 0.10; 0.20; 0.06; 0.04; 3.6; 0.6;     ;     ;star
NGC6814       ;  22.3; 2.2; 7.02; 0.17; 0.17; 1.98; 0.01;11.04; 0.10; 0.68; 0.06; 0.05; 3.7; 0.4; 9.54; 0.02;reverb
NGC6861       ;  27.3; 4.5; 9.30; 0.08; 0.08; 2.59; 0.02;11.14; 0.13; 0.32; 0.08; 0.07; 5.3; 0.4;     ;     ;star
NGC6951       ;  16.0; 1.6; 6.93; 0.19; 6.93; 1.98; 0.04;11.01; 0.14; 0.85; 0.13; 0.05; 4.7; 0.8;     ;     ;gas
NGC7052       ;  70.4; 8.4; 8.60; 0.23; 0.23; 2.42; 0.02;11.68; 0.09; 1.00; 0.05; 0.05; 5.7; 0.3;     ;     ;gas
NGC7331       ;  12.2; 1.2; 8.02; 0.18; 0.18; 2.06; 0.02;11.14; 0.10; 0.57; 0.08; 0.05; 4.6; 0.4;     ;     ;gas
NGC7332       ;  21.7; 2.2; 7.08; 0.18; 0.18; 2.10; 0.02;10.81; 0.08; 0.40; 0.07; 0.04; 5.9; 0.3; 9.11; 0.14;star
NGC7418       ;  18.4; 1.8; 5.18; 1.78; 5.18; 1.67; 0.06;10.60; 0.11; 0.75; 0.10; 0.05; 2.5; 0.4;     ;     ;star
NGC7424       ;  10.9; 1.1; 5.18; 0.43; 5.18; 1.34; 0.05; 9.82; 0.11; 0.45; 0.08; 0.05; 3.0; 0.3;     ;     ;star
NGC7457       ;  12.5; 1.2; 6.95; 0.30; 0.30; 1.87; 0.02;10.25; 0.08; 0.35; 0.04; 0.04; 3.9; 0.1;     ;     ;star
NGC7582       ;  22.3; 9.8; 7.74; 0.20; 0.20; 2.19; 0.05;11.21; 0.32; 0.89; 0.19; 0.16; 6.6; 0.4;     ;     ;gas
NGC7619       ;  51.5; 7.4; 9.40; 0.11; 0.11; 2.51; 0.02;11.66; 0.12; 0.87; 0.09; 0.07; 5.8; 0.4;     ;     ;star
NGC7626       ;  38.1; 3.8; 8.58; 0.33; 0.33; 2.37; 0.02;11.44; 0.09; 0.87; 0.08; 0.05; 5.4; 0.3;     ;     ;gas
NGC7682       ;  59.3; 5.9; 7.56; 0.33; 0.33; 2.05; 0.06;10.96; 0.10; 0.80; 0.10; 0.06; 5.1; 0.4;     ;     ;gas
NGC7768       ; 116.0;27.5; 9.13; 0.18; 0.18; 2.42; 0.02;11.91; 0.19; 1.15; 0.12; 0.10; 5.7; 0.4;     ;     ;star
SBS1116+583A  ; 119.4;11.9; 6.54; 0.20; 0.20; 1.96; 0.02;10.50; 0.08; 0.44; 0.09; 0.08; 3.9; 1.9; 9.97; 0.08;reverb
UGC12064      ;  34.7; 6.7; 8.84; 0.52; 0.52; 2.41; 0.03;10.61; 0.17; 0.38; 0.13; 0.12; 5.9; 0.6;     ;     ;gas
UGC1214       ;  59.9; 6.0; 7.74; 0.18; 7.74; 2.02; 0.06;10.74; 0.09; 0.38; 0.06; 0.04; 4.7; 0.6;10.05; 0.03;gas
UGC1395       ;  60.8; 6.1; 6.83; 0.28; 6.83; 1.81; 0.04;10.86; 0.11; 0.85; 0.10; 0.06; 4.7; 0.4;     ;     ;gas
UGC1841       ;  74.9; 7.5; 8.47; 0.19; 0.19; 2.47; 0.04;11.98; 0.09; 1.49; 0.06; 0.06; 4.7; 0.6;     ;     ;gas
UGC3789       ;  49.9; 5.4; 6.99; 0.09; 0.09; 2.03; 0.05;11.01; 0.12; 0.66; 0.11; 0.05; 5.7; 0.5;     ;     ;maser
UGC6093       ; 150.0;15.0; 7.41; 0.02; 0.02; 2.19; 0.05;11.40; 0.08; 0.97; 0.05; 0.05; 3.8; 0.3; 9.26; 3.14;maser
UGC7115       ;  88.2; 8.8; 9.00; 0.45; 0.45; 2.25; 0.08;11.24; 0.09; 0.54; 0.07; 0.06; 6.1; 0.9;     ;     ;gas
UGC9799       ; 151.1;15.1; 8.89; 0.80; 8.89; 2.37; 0.02;11.99; 0.09; 1.37; 0.06; 0.05; 4.5; 0.3;     ;     ;gas
