cataid
6844
6974
6975
7001
7104
7139
7203
7209
7289
7376
7715
7742
7839
7921
7969
7970
7980
7992
8011
8130
8223
8277
8299
8301
8307
8450
8487
8488
8540
8709
8721
8812
8865
8915
8953
8954
8975
9032
9278
9317
9321
9322
14522
14552
15161
15163
15165
15166
15317
15364
15481
15492
15518
15522
15663
15664
16022
16026
16166
16242
16243
16386
16392
16507
16514
16515
16521
16525
16526
16561
16567
17093
17138
17294
17312
17355
17368
17385
17390
17407
21929
21953
21994
22099
22128
22240
22279
22457
22582
22583
22595
22596
22597
22836
22849
22883
23047
23070
23082
23114
23117
23118
23153
23180
23265
23266
23276
23278
23319
23341
23381
23484
23623
23630
23751
23878
24026
24060
24102
24200
24348
24401
28758
30361
30364
30367
30393
30394
30395
30396
30420
30466
30467
30469
30470
30471
30473
30615
30621
30690
30787
30820
30893
30911
30922
30945
30947
30953
31059
31274
31525
31623
31775
32017
32019
32140
32195
32196
32200
32269
32270
32271
32443
32674
36861
36880
36881
36910
37036
37063
39057
39150
39196
39197
39388
39391
39396
39472
39477
39479
39485
39512
39582
39669
39716
40016
40020
40083
40110
40120
40164
40236
40300
40304
40337
40403
40445
40490
40491
40743
40830
41007
41050
41051
41057
41059
41060
41062
41135
41136
41172
41180
41181
41232
41237
41274
41276
47152
47243
47254
47293
47295
47296
47348
47376
47509
47555
47657
47674
47725
47941
48004
48010
48013
48040
48049
48053
48328
48377
48428
48470
48515
48548
48556
48576
48580
48587
48612
48666
48681
48724
48740
48848
49051
49230
49729
49761
49784
49937
49941
53706
53813
53999
54081
54190
54197
54202
54263
54270
54274
54381
54415
54462
54500
54694
54852
54863
54917
54918
54921
54923
55009
55048
55097
55098
55100
55143
55148
55211
55250
55299
55328
55373
55713
55771
55965
56005
56006
56060
56067
56106
56140
56181
56185
56250
62239
62244
62269
62312
62319
62332
62334
62336
62339
62344
62361
62377
62983
62990
63018
63187
63210
63275
63780
63935
64085
64983
65083
65214
65408
65410
65473
69378
69437
69450
69512
69516
69604
69716
69717
69862
69903
69986
70016
70017
70021
70022
70088
70145
70186
70188
70319
70331
70486
70491
70612
70636
70640
70670
70672
70801
70802
70808
70818
70846
70903
70931
71028
71033
71034
71063
71119
71178
71196
71310
71580
77064
77219
77238
77345
77610
77648
77705
78350
78522
78530
78633
78659
78660
78668
78675
78740
79075
79172
79302
79334
79537
79592
79688
79706
79733
79748
79810
79834
79866
79876
83809
83904
84106
84297
84335
84461
84517
84521
84610
84655
84680
84734
84740
84743
84752
84763
84764
84897
84982
85012
85160
85205
85239
85416
85448
85559
85638
85667
85707
85810
85814
85884
85924
85995
86270
91328
91399
91415
91543
91545
91568
91582
91689
91691
91697
91959
91961
91962
91963
91988
91989
91999
92000
92010
92212
92431
92434
92435
92455
92466
92592
92684
92727
92737
92773
92778
92782
92875
92884
93019
93020
93676
93700
93803
93807
93907
93964
93970
97858
97907
97908
97915
97918
97926
98067
98211
98409
98621
98827
98880
98957
98991
99028
99031
99034
99035
99116
99120
99121
99151
99203
99428
99854
99878
99928
99931
99933
99934
99973
99983
100083
100105
100119
105417
105418
105419
105420
105519
106255
106288
106511
106549
106815
107007
107014
107135
107137
107277
107278
107280
107349
107416
107454
107528
107640
116300
116310
116765
116948
117073
117080
117205
117207
117218
117225
117278
117279
117290
117295
117313
117326
117360
117403
117446
117476
117484
117540
118214
118215
118216
118219
118368
118369
118671
118674
118703
118980
118982
119081
119158
122896
122920
122930
122934
122979
123185
123208
123215
123253
123424
123457
123462
123467
123511
123690
123691
123786
123802
123805
123807
123813
123843
123854
123855
123923
123924
124125
124156
124305
124345
124346
124371
124372
124375
124377
124378
124380
124408
124410
124416
124418
124419
124420
124425
124426
124429
124430
124433
124434
124435
124437
124440
124441
124443
124469
124485
124524
124528
124759
124806
124828
124830
124966
125026
125192
125199
125363
125512
125631
125689
125696
125746
125773
129768
129778
129807
129952
129976
129977
130007
130030
130061
130063
130067
130139
130143
130205
130207
130213
130214
130216
130223
130226
130259
130260
130262
130264
130439
130574
130811
130845
130906
130963
130971
130981
130983
131042
131043
131124
131130
131415
131420
131421
131876
131877
131878
131936
132142
132145
132176
132261
132262
132289
132367
132399
132521
136238
136308
136312
136313
136362
136442
136443
136526
136602
136616
136624
136696
136794
136799
136841
136842
136851
136861
136871
136880
136998
137033
137037
137074
137080
137081
137206
137208
137414
137732
137838
137849
137853
138044
138064
138142
138191
138291
138346
138569
138662
138827
138828
138862
138980
138981
143223
143269
143270
143285
143291
143599
143727
143735
143747
143778
143786
143818
143841
143889
143918
144012
144122
144171
144245
144278
144330
144333
144335
144336
144337
144339
144340
144342
144343
144365
144498
144537
144562
144605
144640
144673
145041
145247
145375
145382
145465
163615
163826
163884
163886
163887
163917
163988
164060
164071
164145
164146
164156
164379
164407
164409
164423
164453
164456
164457
164459
164470
164471
164499
164511
164539
164607
164618
164619
164620
164625
164628
164629
164633
164634
164639
164640
164677
164686
164688
164760
164761
164769
164902
164905
164906
164974
165011
165048
165100
165297
165339
165462
165463
165547
165550
165551
165584
165588
165591
165670
165766
165767
165795
165936
166145
166151
166202
166203
166280
170630
170649
170759
170913
171115
171116
171133
171136
171139
171140
171149
171152
171172
171175
171177
171310
171416
171442
171488
171542
171546
171633
171642
171643
171671
171672
171688
171710
171725
171801
171803
171911
171955
172045
172046
172072
172073
172075
172076
172098
172214
172215
172247
172320
172498
172503
172638
172692
172700
172726
172729
172730
172734
172848
172851
176781
177007
177165
177185
177186
177197
177225
177228
177229
177232
177234
177247
177260
177297
177301
177333
177334
177335
177336
177338
177342
177381
177424
177428
177432
177434
177435
177441
177473
177604
177638
177642
177643
177644
177665
177667
177670
177671
177673
177679
177750
177781
177922
177969
178030
178047
178105
178472
178886
178950
178988
179180
179472
179617
183881
184010
184041
184042
184043
184044
184045
184046
184147
184202
184261
184274
184308
184366
184550
184577
184648
184658
184686
184926
184932
185088
185365
185455
185567
185592
185595
185596
185654
185884
185885
186015
186059
186170
186202
186405
186468
186470
186500
186507
186537
186538
186539
196977
197481
197842
197884
198343
198506
198507
198631
202359
202376
202399
202408
202480
203114
203140
203833
204490
204839
204877
205085
205086
205155
205158
205160
205161
205211
208560
208591
208652
208666
208860
208898
208981
209128
209184
209185
209368
209680
209681
209706
210070
210146
210147
210230
210346
210375
210467
210471
210480
210669
210748
210818
210823
210851
210887
210948
214211
214250
214264
214267
214269
214285
214293
214296
214356
214363
214483
214678
214777
214895
215039
215052
215160
215289
215306
215721
215821
216156
216166
216184
216187
216190
216219
216262
216396
216643
216716
216897
217009
217011
218688
219703
219728
219730
219833
220066
220069
220112
220216
220218
220221
220276
220280
220282
220284
220333
220394
220437
220438
220442
220462
220465
220467
220499
220511
220876
221013
221017
221053
221058
221094
221206
221276
221277
221281
221283
221332
221334
221338
221339
221342
227266
227278
227315
227436
227479
227484
227616
227617
228142
228187
228222
228609
228614
228708
228742
228890
229066
229145
229164
229220
229417
230207
230259
230260
230262
230289
230418
230421
230422
230453
230455
230458
230556
230558
230567
230675
230683
230776
230777
230786
230787
230789
230796
230797
230903
230904
231349
231527
231528
231529
231729
231823
231834
231903
238118
238119
238123
238130
238155
238198
238205
238209
238211
238212
238213
238214
238217
238218
238219
238276
238278
238282
238316
238317
238325
238398
238409
238411
238453
238458
238499
238500
238510
238511
238804
238922
238958
239090
239106
239151
239264
239292
239418
239610
240021
240049
240200
240523
240601
249572
249829
249915
249934
250046
250122
250132
250166
250179
250183
250184
250186
250189
250226
250228
250237
250239
250241
250243
250245
250246
250247
250248
250250
250251
250252
250255
250256
250257
250258
250259
250268
250269
250270
250273
250276
250278
250279
250292
250320
250325
250329
250331
250336
250337
250378
250396
250464
250471
250472
250568
250608
250663
250665
250800
250834
250843
250845
251013
251020
251021
251024
251073
251075
251225
251227
251268
251269
251384
251536
251889
251999
252017
252057
252060
252182
252249
252305
260801
260906
261077
261219
261301
261339
261410
261413
261418
261477
261480
261521
261522
261545
261575
261673
261697
261718
261720
261772
261911
261984
262011
262012
262013
262017
262021
262043
262089
262132
262157
262220
262291
262298
262299
262301
262340
262344
262361
262397
262536
262729
263070
263071
263144
263146
263175
263201
265087
265124
265179
265203
265388
265426
265427
265428
265429
265532
265581
265769
265799
265941
265943
265977
266033
266071
266075
266158
266245
266252
266335
266337
266426
266470
266657
266659
266660
266791
266824
266881
266885
266906
266910
266912
266954
266984
267010
267011
267014
267194
267518
267602
271421
271424
271427
271538
271591
271610
271611
271617
271948
271977
272043
272188
272190
272285
272394
272438
272439
272488
272637
272820
272824
272825
272829
272831
272833
272835
272885
272964
272967
272968
272990
272997
273411
273413
273449
273493
273542
273546
273654
273833
273838
273841
273845
273846
273848
273849
273850
273851
273852
273887
273888
273890
273892
273902
273928
273963
278241
278350
278355
278368
278493
278725
278773
278804
278840
278994
279324
279326
279401
279498
279781
279838
279868
279874
279878
279881
279905
279910
279913
279932
279934
279941
279944
280105
280107
287596
287658
287690
287691
287692
287693
287705
287766
287892
287931
287950
288164
288374
288397
288518
288681
288689
288692
288693
288694
288724
288796
288803
288845
288852
288877
288880
288947
288990
289096
289102
289113
289117
289168
289170
289202
289203
289732
289875
289886
289957
290266
290323
290355
290359
290362
290363
290405
296435
296586
296636
296743
296744
296753
296795
296835
296927
297053
297096
297138
297271
297304
297520
297616
298446
298482
298484
298549
298590
298611
298663
298741
298742
298761
298790
298791
298958
298980
300370
300406
300411
300554
300618
300657
300658
300659
300691
300694
300695
300756
300757
300787
300889
301203
301255
301523
301555
301559
301562
301596
301599
301601
301606
301607
301608
301609
301615
301754
301761
301795
301937
302031
302684
302691
302778
302894
302995
303010
303100
303123
318608
318609
318635
318840
318846
318881
318902
318913
318939
319058
319059
319067
319070
319137
319140
319196
319231
319293
319295
319347
319373
319395
319398
319402
319404
319411
319431
319452
319498
319526
319586
319651
319661
319762
319998
320148
320153
320277
320285
320379
320549
320752
320807
320829
320846
320849
320885
320889
320938
320940
321035
321099
321142
321146
321452
321467
322772
322913
323005
323102
323242
323246
323323
323558
323566
323593
323594
323597
323805
323886
324157
324325
324349
324845
324847
325320
325321
325322
325381
325467
341431
341708
341931
342013
342019
342026
342029
342073
342110
342111
342114
342115
342120
342122
342124
342147
342162
342194
342198
342199
342271
342298
342686
342697
342699
342702
342706
342708
342710
342714
343000
343005
343077
343078
343084
343121
343122
343203
343343
343344
343550
343637
343639
343640
343744
343938
344001
345523
345605
345647
345648
345711
345735
345755
345758
345765
345766
345767
345770
345779
345814
345845
345848
345852
345927
346006
346010
346046
346213
346317
346623
346837
346887
346888
346890
346894
347395
347396
347398
347403
347432
347471
347852
347904
347964
348009
348010
348115
348219
348238
348274
348278
361650
361693
361719
361843
361918
361919
361920
362190
362195
362311
362340
362462
362496
362521
362605
362606
362633
362634
362637
362638
362639
362650
362688
362695
362696
362697
362700
362701
362704
362706
362707
362709
362713
362715
362716
362748
362865
362889
362891
362912
362963
363197
363288
363292
363318
363319
363345
363434
363556
363741
363882
363946
363948
364034
364087
364104
364129
365334
365391
365396
367080
367162
367196
367274
367340
367633
367638
370941
370987
371094
371117
371121
371144
371171
371172
371175
371180
371186
371207
371208
371211
371217
371218
371220
371257
371264
371295
371503
371882
371976
372075
372076
372121
372123
372127
372132
372133
372136
372140
372142
372176
372192
372193
372322
372384
372385
372446
372447
372452
372567
372569
372574
372600
372795
372828
373122
373156
373159
373160
373161
373163
373165
373167
373168
373171
373173
373233
373235
373237
375560
375561
375564
375598
375599
375615
375730
375787
375790
375791
375792
375817
376001
376033
376066
376097
376111
376115
376124
376247
376586
376590
376598
376633
376703
376705
376841
377410
377463
377562
377668
377675
377710
377917
377960
377965
378104
378109
378110
380669
380670
380671
380674
380697
380712
380734
380740
380972
381001
381004
381006
381068
381106
381151
381155
381157
381206
381207
381208
381217
381219
381227
381229
381325
381357
381383
381417
381459
381465
381539
381900
381979
381980
382083
382154
382215
382216
382291
382398
382640
382689
383049
383147
383185
383265
383273
386213
386224
386240
386247
386311
386406
386481
386618
386673
386722
387029
387042
387375
387553
387554
387680
387681
387682
387722
387815
387859
388146
388380
388391
388423
388513
388558
388559
388595
388678
396578
396582
396583
396613
396707
396708
396742
396743
396761
396798
396800
396801
396802
396834
396838
396865
397037
397207
397294
397298
397453
402408
402421
402423
402546
402728
402757
402759
417289
417413
417440
417446
417447
417449
417451
417452
417471
417475
417480
417481
417486
417580
418290
418680
418693
418743
418957
419003
419062
419280
419345
419370
419535
419547
419548
419572
419574
419649
419650
422046
422291
422292
422389
422406
422443
422527
422562
422571
422612
422807
422808
422812
422830
422832
423198
423267
423761
423794
425769
425811
425914
460456
460608
460643
460682
463142
463170
463645
485097
485099
485100
485126
485195
485224
485279
485506
485647
485684
485837
485873
485883
485884
485886
485887
485897
485921
485972
486003
486139
486203
486536
486587
486787
486873
486874
487114
487115
491414
491454
491508
491512
491514
491587
492169
492207
492233
492267
492410
492411
492480
492485
492486
492487
492690
492718
492762
492941
492987
493028
493601
493609
493778
493838
493857
493904
493905
496901
496997
497035
497067
504579
504600
504678
504879
504959
504997
505313
505341
505371
505438
505765
505800
505915
506116
506119
506120
507719
507720
507721
508132
508137
508143
508144
508180
508181
508184
508187
508190
508224
508225
508268
508312
508315
508316
508353
508441
508478
508491
508565
508593
508634
508640
508644
508665
508670
508671
508677
508678
508679
508705
508751
508754
508946
509075
509276
509393
509466
509629
509734
509772
509874
509876
509903
509940
511532
511535
511558
511617
511728
511864
511887
511892
511923
512021
512099
512312
512351
512436
512552
512555
512997
513145
513148
513328
513331
514022
514214
514215
514216
514218
516975
517088
517205
517206
517210
517211
517214
517215
517218
517236
517244
517278
517279
517457
517465
517590
517798
517971
518715
518828
518829
518913
518914
519141
519225
521348
521372
521383
521575
521738
521767
521823
521824
521859
521864
521866
521896
521922
521949
522033
522076
522151
527513
527984
527985
534626
534644
534738
534755
534758
534760
534943
534971
534980
535014
535088
535142
535253
535317
535457
535641
535642
535764
536031
536041
536231
536232
536233
536235
536237
536296
536454
536466
536488
536567
536570
536897
536962
536963
536964
536994
537004
537031
537035
537036
537057
537084
537127
537129
537254
537467
543436
543437
543438
543463
543489
543531
543536
543537
543550
543553
543598
543599
543605
543642
543770
543861
544049
544104
544179
544209
544259
544260
544281
544304
544328
544330
544360
544707
544749
544755
544954
545012
545020
545220
545454
545903
546021
546026
546040
548786
548835
548954
549070
549073
549223
549296
549313
549343
549706
549980
550225
550227
550432
550535
550703
550705
550726
550750
550754
550781
551067
551075
551194
551505
551619
558972
559067
559114
559250
559398
559428
559490
559859
560119
560258
560287
560288
560295
560337
560339
560341
560355
560406
560521
560702
560745
560799
560836
560881
560918
560925
560976
560982
561032
561091
561274
561279
561493
561568
561594
561597
561635
561645
561691
561785
561793
561836
567498
567543
567803
567907
567977
568050
568130
568220
568221
568222
568242
568243
568545
568713
568714
568817
568952
569057
569139
569418
569439
569467
569617
569781
570203
570207
570214
570240
570363
570366
573998
574258
574423
574424
574691
575237
575268
575339
575411
575412
575584
575587
575671
583682
583723
584050
584648
584682
584683
584719
584723
584990
585000
585196
585215
585216
585432
585501
585624
585698
585750
586321
592272
592275
592294
592384
592425
592430
592665
592666
592808
592881
592909
592915
593008
593215
593357
593639
593674
593692
593796
593807
593814
593883
594049
594053
594063
594078
594841
594933
594961
594975
594992
598929
598947
598948
598966
599000
599076
599834
599838
600446
600501
600564
600677
600743
600782
600882
600915
600929
600973
601095
601210
601248
601256
601283
601325
601400
601575
601577
601625
609246
609717
609777
609835
609948
609958
609966
610120
610121
610129
610159
610357
610386
610396
610404
610435
610572
610805
610876
610926
610930
610937
610938
610976
610978
610991
611064
611078
611107
611298
617429
617522
617693
617732
617767
617935
618057
618100
618113
618131
618133
618138
618142
618151
618155
618476
618605
618612
618661
618662
618663
618905
618907
618908
618912
618914
618929
618930
618931
618937
618938
618941
618942
618943
618947
618976
618988
619066
619096
619107
619123
619161
619258
619311
619480
619905
620150
622032
622082
622163
622210
622228
622349
622350
622352
622979
623017
623018
623043
623097
623120
623143
623414
623677
623736
636280
642106
656580
656763
659897
660107
660108
660155
663408
663409
663418
663440
690138
691327
692612
693307
695915
700210
715643
718506
719185
742632
751313
851165
881005
3156616
3551653
3552178
3552546
3552615
3552972
3555687
3556306
3559254
3575441
3576027
3576053
3576609
3576662
3576691
3576858
3576986
3577002
3577328
3577335
3578211
3578762
3579300
3579690
3580515
3580729
3583206
3583208
3590079
3590257
3590354
3591320
3591331
3591745
3591792
3591972
3592760
3592774
3592961
3592981
3594175
3599512
3599553
3599755
3599818
3600083
3600120
3600126
3600154
3600160
3602208
3603376
3605196
3605475
3606022
3607125
3607126
3607998
3608291
3609474
3610784
3611348
3611349
3613899
3614811
3616371
3616577
3616588
3616593
3616601
3616604
3617760
3618157
3618160
3618164
3618170
3618173
3622141
3624571
3624877
3625070
3625080
3627036
3627084
3627095
3627106
3627201
3628218
3628867
3629663
3630895
3633567
3634303
3634556
3635222
3851638
3852184
3852235
3852249
3852250
3852267
3852324
3852362
3852946
3853273
3853626
3854006
3854650
3855266
3855610
3858299
3860092
3861920
3862127
3866799
3867448
3867449
3869860
3873387
3873996
3874259
3874531
3874874
3875207
3875229
3876400
3876920
3878552
3878561
3878584
3878589
3878612
3878647
3878832
3878846
3878902
3879770
3881366
3882952
3883856
3883894
3884651
3886434
3888628
3888673
3888838
3889350
3889599
3889811
3890305
3890632
3890636
3890637
3890660
3890676
3890681
3890898
3891081
3891082
3891751
3891831
3897281
3901985
3902732
3903675
3903919
3904345
3904357
3904801
3907189
3907431
3907960
3908399
3909358
3909556
3911227
3911242
3912128
3912185
3912690
3913144
3913340
3913658