catid logMstar
100083 10.8819
100105 11.0583
100119 10.0188
105418 10.6539
105419 10.1314
105420 10.3716
105519 10.3881
106255 10.656
106288 10.8066
106511 9.55594
106549 10.3368
106815 10.2396
107007 10.0972
107014 10.0431
107135 11.0852
107137 10.1945
107277 10.8287
107278 10.4025
107280 10.2978
107349 9.57591
107416 10.6631
107454 9.81811
107528 11.0357
107640 10.3405
116300 10.8389
116765 9.50255
116948 9.99824
117073 10.5556
117080 9.98872
117205 10.4179
117207 11.1649
117218 10.8315
117225 10.0046
117278 10.6527
117279 10.5088
117290 10.067
117295 10.283
117313 10.545
117326 9.91544
117360 10.1185
117403 10.0643
117446 10.1532
117476 9.96756
117484 10.5768
117540 10.041
118214 9.52242
118215 9.62284
118216 10.5597
118219 10.3339
118368 10.5839
118369 10.1695
118671 9.27583
118674 10.2823
118703 10.9921
118980 10.5268
118982 10.7875
119081 10.244
119158 10.9976
122896 9.3674
122920 10.7753
122930 9.52622
122934 9.38203
122979 9.63792
123185 9.53572
123208 10.9722
123215 10.3306
123253 11.0702
123424 9.75749
123457 10.8096
123462 10.4118
123467 10.1301
123511 9.9966
123690 9.92569
123691 10.263
123786 11.2985
123802 10.0004
123805 10.2288
123807 10.1777
123813 9.82551
123843 10.3718
123854 10.1812
123855 10.4032
123923 10.6285
123924 9.38514
124125 9.86987
124156 9.87419
124305 9.88719
124345 10.6107
124346 10.5321
124371 10.014
124372 10.5108
124375 10.9412
124377 9.75532
124378 10.0801
124380 10.3349
124408 10.5412
124410 10.0874
124416 9.81424
124418 11.3924
124419 11.0683
124420 9.93441
124425 10.7427
124426 9.79209
124429 10.3831
124430 9.80539
124433 10.8012
124434 9.78046
124435 9.83956
124437 9.77973
124440 10.0138
124441 10.118
124443 10.7357
124469 9.72945
124485 10.5298
124524 10.1674
124528 10.1126
124759 9.87607
124806 10.4495
124828 10.5509
124830 10.0121
124966 9.9763
125026 10.7878
125192 10.2423
125199 10.8049
125363 10.5715
125512 10.0985
125631 10.3576
125689 10.4085
125696 10.6737
125746 10.3758
125773 9.75964
129768 10.1378
129778 9.87671
129807 10.3522
129952 10.3911
129976 9.77039
129977 10.8138
130007 10.317
130030 11.115
130061 10.7877
130063 10.2988
130067 10.2582
130139 9.99932
130143 9.88286
130205 10.337
130207 10.7629
130213 10.9826
130214 9.70289
130216 9.90187
130223 9.62038
130226 10.4442
130259 10.5026
130260 9.93246
130262 9.99083
130264 9.85548
130439 10.2853
130574 9.80358
130811 10.5027
130845 10.5659
130906 10.1592
130963 11.2262
130971 11.0105
130981 11.1581
130983 10.1016
131042 10.1742
131043 10.4581
131124 10.2385
131130 9.94623
131415 10.5173
131420 10.7192
131421 11.1306
131876 10.3727
131877 11.0336
131878 9.96166
131936 10.9281
132142 10.5345
132145 10.072
132176 10.0431
132261 10.4255
132262 9.93045
132289 10.8748
132367 10.9429
132399 10.8032
132521 10.3476
136238 10.8109
136308 10.5231
136312 10.3141
136313 10.5014
136362 10.8951
136442 9.84247
136443 10.1023
136526 10.3254
136616 10.667
136624 10.3533
136696 9.98145
136794 9.01435
136799 9.5107
136841 10.4891
136842 10.7583
136851 10.5947
136861 9.88336
136871 9.77203
136880 9.82348
136998 10.2788
137033 10.4067
137037 11.2377
137074 10.6136
137080 11.2101
137081 9.88636
137206 10.7641
137208 10.6307
137414 10.6444
137732 9.99833
137838 11.016
137849 10.5394
137853 10.3323
138044 9.51041
138064 10.3641
138142 10.758
138191 10.4145
138291 9.22075
138346 9.77361
138569 10.5501
138662 10.257
138827 10.6573
138828 10.769
138862 9.83641
138980 10.2021
138981 9.50079
143223 10.4438
143269 10.667
143270 9.49378
143285 10.4213
143291 10.1969
143599 10.4441
143727 10.4361
143735 10.925
143747 10.4741
143778 10.5845
143786 10.1444
143818 10.3316
143841 10.2534
143889 10.2611
143918 10.0108
144012 10.8531
144122 10.6427
144171 10.2168
144245 10.1756
144278 10.7381
144330 9.99372
144333 9.94315
144335 11.0834
144336 9.96216
144337 9.71155
144339 9.78758
144340 9.74741
144342 10.2665
144343 10.3315
144365 10.6999
144498 9.91473
144537 9.808
144562 10.2107
144605 10.5184
144640 11.0359
144673 10.3827
145041 10.603
14522 10.8219
145247 10.3975
145375 10.1445
145382 10.2626
145465 9.77156
14552 10.8969
15161 9.52755
15163 9.07279
15165 11.1525
15317 9.85504
15364 10.4489
15481 11.0769
15492 9.35807
15518 10.3584
15522 10.5777
15663 10.4414
15664 10.5641
16022 10.4498
16026 10.22
16166 10.4261
16242 10.5016
16243 9.53042
163615 9.59582
163826 10.2826
16386 10.4805
163884 10.6739
163886 10.9494
163887 10.4298
163917 9.20135
16392 8.79775
163988 9.98021
164060 10.9144
164071 10.2277
164145 10.9398
164146 10.4954
164156 10.0849
164379 10.9676
164407 10.5653
164409 10.6481
164423 9.95372
164453 11.3363
164456 9.93841
164457 10.8785
164459 9.92591
164470 10.6227
164471 9.95837
164499 10.8759
164511 10.7045
164539 10.6968
164607 9.93592
164618 11.3199
164619 10.3844
164620 9.80242
164625 9.67531
164628 9.76618
164629 10.2094
164633 11.1483
164634 9.90363
164639 10.702
164640 10.6174
164677 10.7434
164686 9.77368
164688 10.0089
164760 10.7613
164761 10.88
164769 10.2902
164902 9.46291
164905 8.88679
164906 10.5857
164974 10.372
165011 11.0899
165048 9.80562
16507 10.9171
165100 10.4871
16514 10.9601
16515 8.56549
16521 9.94287
16525 10.1387
16526 10.3553
165297 10.5265
165339 9.80597
165462 10.7233
165463 9.4745
165547 10.586
165550 11.0873
165551 9.82804
165584 9.91436
165588 10.3781
165591 10.4304
16561 9.73204
16567 10.8527
165670 10.2105
165766 10.7585
165767 9.53906
165795 9.99837
165936 10.6715
166145 11.1184
166151 10.6963
166202 9.93814
166203 10.5552
166280 10.6375
170630 9.7369
170649 10.9516
170759 10.4425
170913 9.68095
17093 10.4027
171115 11.0942
171116 9.50352
171133 10.328
171136 9.9099
171139 10.5164
171140 10.321
171149 9.72388
171152 9.84914
171172 10.7086
171175 10.3696
171177 10.8061
171310 10.9508
17138 10.2096
171416 9.90357
171442 10.3569
171488 10.3998
171542 10.5433
171546 10.4314
171633 8.66018
171642 10.6801
171643 10.5666
171671 10.3861
171672 9.9243
171688 9.74985
171710 10.5525
171725 10.0228
171801 10.3254
171803 10.0159
171911 9.75081
171955 10.9537
172045 10.5031
172046 10.2731
172072 10.4502
172073 10.7082
172075 10.5065
172076 9.88228
172098 10.3776
172214 10.3937
172215 10.1543
172247 10.8127
172320 9.6764
172498 9.70644
172503 10.4102
172638 9.91067
172692 9.84445
172700 9.84353
172726 11.4069
172729 11.054
172730 10.0791
172734 10.978
172848 10.2868
172851 11.052
17294 10.4424
17312 9.95078
17355 10.4475
17368 10.4571
17385 10.2638
17390 11.077
17407 8.80647
176781 10.8275
177007 9.40768
177165 10.0488
177185 10.2829
177186 10.2273
177197 9.45597
177225 10.3559
177228 10.8516
177229 9.87504
177232 11.2431
177234 10.3605
177247 10.6996
177260 9.69078
177297 9.04194
177301 10.2782
177333 10.1655
177334 10.1731
177335 11.0512
177336 10.0146
177338 10.5812
177342 11.3424
177381 10.9018
177424 10.3919
177428 10.1626
177432 8.87431
177434 11.1837
177435 10.4544
177441 9.94045
177473 9.82626
177604 11.1888
177638 9.6914
177642 10.621
177643 10.1666
177644 10.6467
177665 10.6278
177667 10.2924
177670 10.4226
177671 10.3067
177673 10.1065
177679 9.67155
177750 10.153
177781 9.24226
177922 10.0353
177969 11.0644
178030 10.0117
178047 10.2496
178105 10.5556
178472 10.2214
178886 10.2523
178950 10.7729
178988 10.7718
179180 11.1891
179472 9.82682
179617 10.4697
183881 10.906
184010 10.3717
184041 9.36569
184042 11.4325
184043 9.95976
184044 10.4542
184045 9.97
184046 10.9602
184147 9.48006
184202 10.8912
184261 10.2826
184274 9.95133
184308 9.98278
184366 9.48711
184550 10.5021
184577 10.4573
184648 10.5982
184658 10.5273
184686 10.4438
184926 10.8857
184932 10.374
185088 10.301
185365 10.3945
185455 9.99879
185567 10.6991
185592 10.4823
185595 10.1517
185596 10.3862
185654 10.3339
185884 9.82541
185885 10.1011
186015 10.2413
186059 10.3137
186170 9.77603
186202 9.74014
186405 10.3479
186468 10.3121
186470 10.52
186500 10.7562
186507 10.6748
186537 10.9285
186538 10.7732
186539 10.5858
196977 9.97271
197481 9.91507
197842 9.9968
197884 9.55236
198343 10.5457
198506 10.4409
198507 10.3615
198631 10.5264
202359 10.2141
202376 9.36119
202399 10.9259
202408 9.94896
202480 10.5459
203114 10.9582
203140 10.9645
203833 10.9042
204490 10.9567
204839 11.1781
204877 10.1349
205085 11.2015
205086 10.474
205155 9.73046
205158 9.49808
205160 10.1328
205161 11.094
205211 10.443
208560 10.3906
208591 10.1287
208652 10.5003
208666 8.99662
208860 9.61719
208898 10.2493
208981 10.3882
209128 10.8887
209184 10.404
209185 10.7417
209368 10.9018
209680 11.121
209681 10.0861
209706 10.5435
210070 9.77772
210146 10.4891
210147 10.7867
210230 10.6568
210346 9.61035
210375 10.5732
210467 10.3702
210471 9.86162
210480 9.2963
210669 10.4468
210748 10.6425
210818 9.59156
210823 9.97124
210851 9.85992
210887 9.8755
210948 10.6192
214211 10.9247
214250 11.4463
214264 9.86653
214267 10.2
214269 9.83246
214285 10.0576
214293 10.7547
214296 10.0395
214356 10.6298
214363 11.003
214483 10.0859
214678 9.83408
214777 10.7266
214895 10.2583
215039 10.4981
215052 9.82016
215160 10.3516
215289 10.8162
215306 10.088
215721 10.2601
215821 10.0513
216156 9.26894
216166 10.2289
216184 10.4779
216187 10.5985
216190 10.1505
216219 11.039
216262 9.68257
216396 10.6895
216643 10.2154
216716 10.6956
216897 10.5717
217009 9.71699
217011 10.3032
218688 10.2392
21929 9.84468
21953 10.8194
219703 10.295
219728 9.9256
219730 9.92078
219833 10.9091
21994 10.027
220066 10.4269
220069 9.93134
220112 10.1545
220216 10.5239
220218 10.5328
220221 10.3897
220276 9.96834
220280 10.045
220282 10.4538
220284 9.31495
220333 10.5267
220394 10.3263
220437 11.0869
220438 9.94331
220462 9.99101
220465 11.3228
220467 10.7711
220499 10.2784
220511 10.915
220876 10.7522
22099 10.265
221013 10.7604
221017 10.8489
221053 10.303
221058 10.2453
221094 9.94561
221206 10.1383
221276 10.0255
221277 10.3113
22128 9.80612
221281 10.3696
221283 10.5229
221332 10.6178
221334 10.4727
221338 10.0027
221339 10.6729
221342 9.82027
22240 9.43397
22279 10.5121
22457 9.61257
22582 11.0666
22583 10.3936
22595 11.1282
22596 10.7316
22597 9.69359
227266 10.9554
227278 10.1525
227315 10.0974
227436 9.52324
227479 10.3733
227484 10.1396
227616 9.91879
227617 10.4607
228142 9.20549
228187 10.4486
228222 10.3086
22836 10.6145
22849 10.5416
228609 9.72683
228614 10.4751
228708 11.0174
228742 9.44963
22883 10.4751
228890 10.5399
229066 10.0358
229145 10.1184
229164 10.6121
229220 8.82991
229417 10.7485
230207 10.1285
230259 9.5916
230260 11.0833
230262 10.3135
230289 10.8014
230418 9.74878
230421 10.5533
230422 10.4851
230453 10.1664
230455 11.0332
230458 10.0032
23047 10.0086
230556 10.9984
230558 10.1717
230567 11.0333
230675 11.0851
230683 9.97905
23070 10.8727
230776 11.5087
230777 9.39872
230786 9.9472
230787 9.37778
230789 9.52884
230796 9.302
230797 8.85895
23082 11.1153
230903 10.3564
230904 10.2071
23114 9.93667
23117 11.1538
23118 10.3069
231349 10.6442
231527 9.74701
231528 10.9195
231529 10.5752
23153 10.8907
231729 9.60462
23180 10.8245
231823 11.0754
231834 10.1994
231903 10.0304
23265 10.9613
23266 10.4068
23276 10.2787
23278 10.1006
23319 10.6114
23341 11.0263
23381 10.8807
23484 9.94069
23623 11.3178
23630 9.99549
23751 10.4957
238118 11.0008
238119 9.02802
238123 10.6308
238130 10.483
238155 10.1348
238198 9.99143
238205 9.55161
238209 10.347
238211 10.9689
238212 10.9024
238213 11.1846
238214 9.91017
238217 9.88005
238218 9.97441
238219 9.65893
238276 10.6206
238278 9.93055
238282 10.4977
238316 9.88595
238317 10.438
238325 10.2089
238398 10.0711
238409 9.56548
238411 9.65573
238453 10.7047
238458 11.2596
238499 10.7947
238500 10.1672
238510 9.49263
238511 9.83774
23878 9.37331
238804 9.3225
238922 10.7397
238958 10.444
239090 10.7523
239106 10.3012
239151 10.245
239264 9.46441
239292 10.0137
239418 10.8005
239610 10.5361
240021 9.84042
240049 10.1811
240200 10.2487
24026 10.6068
240523 10.4854
24060 9.66752
240601 9.72064
24102 10.2331
24200 9.7303
24348 10.0898
24401 10.0857
249572 9.97798
249829 10.2624
249915 9.05894
249934 10.7072
250046 10.2612
250122 10.9825
250132 10.6432
250166 10.4812
250179 10.1951
250183 10.2343
250184 10.4116
250186 10.0434
250189 9.99307
250226 9.38408
250228 10.4662
250237 10.9039
250239 11.0424
250241 9.5398
250243 10.0715
250245 9.50955
250246 10.0486
250247 10.4243
250248 8.51363
250250 11.0938
250251 11.1279
250252 10.7922
250255 10.0055
250257 9.44722
250258 9.38103
250268 10.2411
250269 9.75399
250270 10.3532
250273 9.73892
250276 10.1633
250278 9.19056
250279 9.63721
250292 9.15394
250320 9.65416
250325 9.45201
250329 11.0046
250331 9.75898
250336 10.5887
250337 9.52608
250378 10.4221
250396 10.0612
250464 10.3962
250471 9.75528
250472 10.4254
250568 9.90647
250608 10.4264
250663 9.86194
250665 10.07
250800 10.3123
250834 10.163
250843 10.3325
250845 10.7449
251013 10.5389
251020 10.9529
251021 9.68072
251024 9.32164
251073 10.1012
251075 10.6289
251225 9.83551
251227 9.64263
251268 10.8513
251269 9.94581
251384 10.5158
251536 10.8372
251889 9.72518
251999 10.7755
252017 10.9613
252057 9.95133
252060 8.6922
252182 10.6551
252249 10.1997
252305 10.4709
260801 9.76412
260906 9.95807
261077 10.4559
261219 10.1095
261301 10.0109
261339 10.2247
261410 10.8166
261413 9.95133
261418 9.95649
261477 9.85126
261480 9.76247
261521 10.7204
261522 9.37935
261545 10.0698
261575 10.3236
261673 10.3985
261697 10.1552
261718 10.6668
261720 10.6617
261772 9.27761
261911 9.41624
261984 10.5132
262011 10.2454
262012 10.1219
262013 9.79197
262017 11.031
262021 10.295
262043 10.321
262089 9.2975
262132 9.83051
262157 10.5249
262220 10.6291
262291 10.109
262298 11.1698
262299 9.43817
262301 10.0811
262340 10.5049
262344 10.6334
262361 10.2003
262397 10.9557
262536 10.7568
262729 8.79274
263070 10.6913
263071 10.6116
263144 9.868
263146 9.96537
263175 10.207
263201 10.1243
265087 10.3366
265124 10.07
265179 10.2405
265203 10.2874
265388 10.599
265426 10.3569
265428 10.1668
265532 10.0771
265581 10.0941
265769 10.3817
265799 10.6327
265941 10.5879
265943 10.1391
265977 10.8665
266033 10.2663
266071 10.0351
266075 9.89087
266158 10.8111
266245 9.39467
266252 11.1118
266335 10.3031
266337 10.345
266426 9.8556
266470 10.4109
266657 10.3677
266659 10.7587
266660 8.69425
266791 9.93485
266824 10.3445
266881 10.9884
266885 9.84069
266906 11.0688
266910 10.7076
266912 10.8765
266954 10.1245
266984 9.30247
267010 9.95507
267011 10.1509
267014 9.88112
267194 10.3424
267518 10.0861
267602 10.6235
271421 10.0332
271424 9.59783
271427 10.5847
271538 10.949
271591 10.77
271610 9.37104
271611 10.883
271617 10.5546
271948 10.0327
271977 11.056
272043 10.1885
272188 10.4677
272190 10.9891
272285 10.8149
272394 10.6636
272438 10.4004
272439 10.5461
272488 10.3711
272637 10.2334
272820 10.8211
272824 10.5381
272825 10.2869
272829 10.5277
272831 11.2096
272833 10.9573
272835 10.5268
272885 10.3197
272964 10.3494
272967 10.3814
272968 9.91517
272990 10.5924
272997 10.3785
273411 10.4458
273413 10.6404
273449 10.329
273493 10.3482
273542 10.2848
273546 10.7611
273654 10.9053
273833 9.911
273838 10.5197
273841 10.0673
273845 11.282
273846 8.56524
273848 10.1644
273849 10.6126
273850 11.1611
273851 9.84531
273852 10.1534
273887 9.98221
273888 10.1351
273890 10.5083
273892 10.7526
273902 9.54341
273928 10.4254
273963 10.0942
278241 10.9522
278350 11.2293
278355 10.3026
278368 10.5906
278493 11.1165
278725 10.9831
278773 9.45553
278804 9.78873
278840 10.432
278994 9.68441
279324 10.4224
279326 9.77355
279401 10.2727
279498 10.1611
279781 10.3441
279838 10.1647
279868 10.4013
279874 10.7939
279878 11.2727
279881 10.2184
279905 10.331
279910 11.0341
279913 9.87201
279932 10.9889
279934 10.4785
279941 10.1864
279944 10.4235
280105 10.418
280107 10.1052
28758 10.6698
287596 10.3684
287658 10.954
287690 10.9476
287691 10.2071
287692 11.2531
287693 10.4332
287705 10.6623
287766 10.0114
287892 10.6642
287931 10.2023
287950 9.67175
288164 10.3332
288374 9.94443
288397 9.87778
288518 9.99738
288681 10.3257
288689 10.0521
288692 10.8158
288693 10.1608
288694 10.6166
288724 10.8034
288796 10.7855
288803 10.6798
288845 9.98236
288852 10.6859
288877 10.7622
288880 9.99358
288947 9.94789
288990 10.8513
289096 11.1885
289102 10.1633
289113 10.5525
289117 10.6248
289168 9.1203
289170 9.73187
289202 10.2697
289203 10.635
289732 10.4977
289875 10.0075
289886 10.097
289957 10.2953
290266 9.84369
290323 10.9062
290355 10.4024
290359 10.5889
290362 9.75652
290363 10.3408
290405 10.2153
296435 9.56856
296586 10.7583
296636 10.1546
296743 10.5818
296744 9.45284
296753 9.02061
296795 10.8496
296835 10.606
296927 10.9327
297053 10.6141
297096 9.29849
297138 9.81958
297271 10.6918
297304 10.4553
297520 10.0463
297616 10.7576
298446 10.9156
298482 10.9316
298484 10.8235
298549 10.7246
298590 10.522
298611 10.2777
298663 10.3151
298741 9.97156
298742 10.0782
298761 11.0841
298790 10.1971
298791 10.7107
298958 9.5011
298980 9.93061
300370 10.2056
300406 10.9364
300411 10.8053
300554 9.83268
300618 10.3691
300657 10.8279
300658 10.7551
300659 10.3247
300691 10.3821
300694 10.4389
300695 10.1109
300756 9.74939
300757 10.3431
300787 10.3234
300889 9.66445
301203 10.5197
301255 10.2253
301523 10.4673
301555 10.2856
301559 10.6595
301562 9.60291
301596 9.87937
301599 10.9447
301601 10.2527
301606 10.0828
301607 9.97074
301608 10.2844
301609 9.88719
301615 9.50038
301754 10.5524
301761 10.3334
301795 10.6393
301937 11.0218
302031 10.174
302684 10.3523
302691 9.78801
302778 10.4172
302894 10.519
302995 10.2163
303010 9.92699
303100 10.4681
303123 10.1996
30361 11.3558
30364 10.5665
30367 10.7267
30393 10.785
30394 10.1073
30395 9.57185
30396 10.2673
30420 9.83974
30466 10.8811
30467 10.392
30469 11.2525
30470 10.6876
30471 10.4712
30473 10.067
30615 11.1584
30621 10.8493
30690 10.6297
30787 10.1262
30820 10.9679
30893 9.96786
30911 10.8831
30922 10.3114
30945 10.5537
30947 10.115
30953 9.77569
31059 10.2925
31274 9.8948
31525 9.98469
3156616 8.92854
31623 11.3369
31775 10.778
318608 10.7381
318609 9.44681
318635 9.26808
318840 10.9267
318846 10.4843
318881 9.29605
318902 10.2912
318913 9.28883
318939 9.63231
319058 10.7569
319059 10.0583
319067 10.9223
319070 10.7183
319137 9.87158
319140 9.76408
319196 10.2287
319231 10.111
319293 10.2979
319295 9.4463
319347 10.3828
319373 9.34458
319395 10.7013
319398 9.91503
319402 10.7955
319404 9.92729
319411 9.14394
319431 9.29359
319452 10.5108
319498 9.91949
319526 10.6758
319586 10.3112
319651 11.2332
319661 10.074
319762 10.5038
319998 9.94242
320148 10.5406
320153 10.1707
32017 10.7701
32019 10.8284
320277 10.3385
320285 10.2929
320379 9.89255
320549 10.5714
320752 9.47819
320807 10.3393
320829 9.31932
320846 9.5459
320849 10.2454
320885 10.6137
320889 10.2372
320938 10.7403
320940 10.2726
321035 9.85938
321099 9.81872
321142 9.2024
321146 9.71439
32140 10.5668
321452 11.0176
321467 10.1337
32195 9.94274
32196 11.064
32200 9.80161
32269 10.0537
32270 10.7073
32271 9.74742
322772 10.4864
322913 10.4535
323005 10.8818
323102 10.6512
323242 9.50053
323246 10.6137
323323 9.43051
323558 10.9093
323566 9.98698
323593 11.1556
323594 10.0731
323597 9.76913
323805 10.75
323886 11.0328
324157 9.45698
324325 9.82025
324349 10.8853
32443 10.0995
324845 10.544
324847 10.3227
325320 10.4067
325321 11.0461
325322 9.69287
325381 10.0647
325467 10.9895
32674 10.5548
341431 10.292
341708 10.6553
341931 9.67619
342013 10.3539
342019 10.4152
342026 9.82462
342029 10.0764
342073 10.8657
342110 10.2681
342111 9.75701
342114 11.1216
342115 9.62165
342120 10.0327
342122 9.9613
342124 10.0275
342147 11.0274
342162 9.25142
342194 9.98827
342198 10.2682
342199 10.6258
342271 9.59042
342298 9.67515
342686 11.1624
342697 10.4239
342699 10.5231
342702 10.4414
342706 10.6533
342708 10.6098
342710 10.6781
342714 9.49572
343000 10.6826
343005 10.5122
343077 10.2279
343078 10.6082
343084 9.82806
343121 9.98166
343122 9.98315
343203 9.74039
343343 10.2329
343344 10.1575
343550 10.1002
343637 10.3586
343639 10.6257
343640 10.9739
343744 10.7149
343938 10.3907
344001 9.78662
345523 10.4399
345605 10.0255
345647 10.5608
345648 10.3162
345711 10.6159
345735 9.97198
345755 10.8271
345758 11.2168
345765 10.695
345766 10.7085
345767 11.069
345770 9.68651
345779 9.89091
345814 10.1091
345845 11.2653
345848 10.9599
345852 10.6914
345927 11.0535
346006 9.98457
346010 9.99492
346046 10.1234
346213 10.4029
346317 9.85049
346623 10.6102
346837 10.1502
346887 10.5755
346888 10.5339
346890 10.4444
346894 10.4983
347395 10.7839
347396 11.1505
347398 11.0057
347403 9.9613
347432 11.1058
347471 10.8839
347852 9.85526
347904 10.5486
347964 9.84513
348009 10.1359
348010 10.2547
348115 11.1495
348219 10.6972
348238 10.4491
348274 11.2435
348278 9.9652
3551653 10.3612
3552178 10.7732
3552546 10.4508
3552615 10.3553
3552972 10.4005
3555687 10.1182
3556306 10.5973
3559254 10.0394
3575441 9.77887
3576027 10.1521
3576053 10.9394
3576609 9.87514
3576662 9.91665
3576691 9.57513
3576858 11.1065
3576986 9.92591
3577002 10.2704
3577328 9.79186
3577335 10.4449
3578211 9.72498
3578762 11.0369
3579300 10.5207
3579690 10.8942
3580515 9.70873
3580729 10.5621
3583206 11.1037
3583208 10.6513
3590079 10.4768
3590257 10.8253
3590354 8.96776
3591320 10.1122
3591331 9.83493
3591745 10.1115
3591792 9.92848
3591972 10.1565
3592760 9.89285
3592774 10.2764
3592961 10.1973
3592981 10.9066
3594175 11.3988
3599512 10.5382
3599553 10.2865
3599755 11.5966
3599818 11.021
3600083 10.9999
3600120 9.91248
3600126 10.0697
3600154 10.4474
3600160 9.902
3602208 10.2727
3603376 10.1384
3605196 10.1111
3605475 10.1366
3606022 9.79346
3607125 10.7167
3607126 10.5386
3607998 10.7532
3608291 10.2786
3609474 10.4121
3610784 10.0755
3611348 10.6686
3611349 10.5583
3613899 9.11935
3614811 9.64245
3616371 10.0023
361650 10.6246
3616577 9.75733
3616588 10.8401
3616593 10.6627
3616601 9.53721
3616604 9.42385
361693 10.1218
361719 9.97666
3617760 10.5405
3618157 9.81189
3618160 9.51117
3618164 10.3748
3618170 10.0514
3618173 10.5024
361843 10.7353
361918 10.2495
361919 10.8538
361920 10.5289
362190 10.1031
362195 10.6806
3622141 10.0623
362311 11.1264
362340 10.5791
3624571 10.5654
362462 10.7229
3624877 10.3086
362496 10.4251
3625070 9.26132
3625080 10.4998
362521 10.3061
362605 9.89002
362606 10.2548
362633 10.1999
362634 10.1765
362637 10.5461
362638 10.1864
362639 10.486
362650 9.17467
362688 11.1114
362695 9.52105
362696 9.39598
362697 11.1849
362700 10.5338
362701 9.90248
3627036 10.8651
362704 10.9495
362706 9.62356
362707 9.62358
3627084 10.2454
362709 11.2169
3627095 10.7569
3627106 11.1181
362713 9.65277
362715 9.46395
362716 9.62225
3627201 11.1153
362748 9.58266
3628218 10.975
362865 9.93453
3628867 9.03477
362889 10.0716
362891 11.1753
362912 10.4108
362963 10.1547
3629663 11.048
3630895 10.8285
363197 9.68502
363288 10.5085
363292 9.64267
363318 10.3036
363319 10.4732
363345 10.6743
3633567 9.88548
3634303 9.41463
363434 10.0747
3634556 10.9877
3635222 9.67614
363556 10.233
363741 10.5659
363882 10.464
363946 10.6612
363948 10.1042
364034 10.0991
364087 10.1737
364104 9.47654
364129 10.0708
365334 10.4355
365391 10.7768
365396 10.0411
367080 10.2135
367162 10.1591
367196 10.9356
367274 10.6214
367340 10.2843
367633 10.3992
367638 9.61722
36861 9.26452
36880 10.9403
36881 9.00785
36910 9.99586
37036 10.6817
37063 10.0102
370941 9.99153
370987 9.86827
371094 9.77196
371117 9.9774
371121 10.2185
371144 9.57853
371171 10.1766
371172 11.1426
371175 9.94947
371180 9.63745
371186 9.99774
371207 10.2391
371208 9.71255
371211 9.95729
371217 10.4533
371218 10.6517
371220 11.1321
371257 10.4221
371264 10.6859
371295 11.297
371503 9.74257
371882 10.2319
371976 10.5889
372075 9.92755
372076 10.6777
372121 9.93565
372123 11.3414
372127 10.4851
372132 10.5911
372133 10.6093
372136 10.2808
372140 10.4688
372142 10.0398
372176 10.6512
372192 10.531
372193 10.3692
372322 9.86465
372384 9.61847
372385 9.30944
372446 10.3117
372447 9.76996
372452 10.1466
372567 9.61011
372569 11.1915
372574 9.59177
372600 9.25318
372795 10.8781
372828 10.6082
373122 10.429
373156 10.3698
373159 10.0053
373160 9.9824
373161 10.1171
373163 10.8159
373165 10.5732
373167 10.8911
373168 11.2105
373171 9.89707
373173 11.0612
373233 10.4324
373235 10.4004
373237 9.96176
375560 11.1051
375564 10.251
375598 9.47979
375599 9.96882
375615 10.7166
375730 10.7992
375787 9.59659
375790 10.8325
375791 9.79436
375792 9.79381
375817 9.88575
376001 10.2691
376033 10.7902
376066 10.914
376097 10.8668
376111 10.2488
376115 10.2895
376124 9.58335
376247 10.7414
376586 10.9771
376590 10.4271
376598 10.4121
376633 10.7176
376703 10.5928
376705 10.9712
376841 9.39717
377410 10.9603
377463 10.2772
377562 10.6554
377668 9.77483
377675 10.6218
377710 10.073
377917 11.2018
377960 10.0619
377965 10.1776
378104 10.9503
378109 10.0362
378110 9.85146
380669 10.5931
380670 10.7621
380671 10.4638
380674 10.6882
380697 10.9936
380712 10.3368
380734 11.0165
380740 10.4507
380972 10.2429
381001 9.71565
381004 10.2479
381006 9.88214
381068 10.2092
381106 9.32088
381151 9.95288
381155 9.95071
381157 10.4036
381206 11.0628
381207 10.5469
381208 9.4774
381217 9.63641
381219 10.3775
381227 9.44076
381229 10.4747
381325 10.6027
381357 9.94124
381383 10.405
381417 9.98501
381459 10.313
381465 10.6983
381539 10.3551
381900 10.1112
381979 10.8831
381980 9.64458
382083 9.85378
382154 10.8735
382215 10.3369
382216 10.7079
382291 10.6325
382398 9.81502
382640 9.76264
382689 9.54039
383049 10.1843
383147 11.2248
383185 10.0589
383265 9.78985
383273 10.2216
3851638 10.8402
3852184 11.0881
3852235 10.1041
3852249 11.131
3852250 10.4005
3852267 10.268
3852324 10.9419
3852362 9.88961
3852946 9.67947
3853273 10.0399
3853626 10.2716
3854006 9.40139
3854650 10.1251
3855266 11.1933
3855610 9.89169
3858299 10.1583
3860092 10.2704
3861920 10.0884
3862127 9.33774
386213 10.8333
386224 10.6738
386240 10.5344
386247 10.3007
386311 10.8858
386406 10.7708
386481 10.209
386618 10.647
386673 11.0797
3866799 9.06639
386722 10.2995
3867448 10.0069
3867449 10.7626
3869860 10.363
387029 10.6347
387042 10.442
3873387 10.8205
387375 10.5607
3873996 10.3863
3874259 10.4592
3874531 10.1159
3874874 10.1741
3875207 10.5236
3875229 10.2615
387553 10.8051
387554 10.3462
3876400 9.8828
387680 10.3929
387681 10.6104
387682 10.1715
3876920 10.0756
387722 10.384
387815 9.93647
3878552 10.6819
3878561 10.183
3878584 9.77243
3878589 10.3757
387859 10.5805
3878612 10.2802
3878647 10.5323
3878832 10.4028
3878846 11.0386
3878902 10.0379
3879770 9.95815
3881366 10.3802
388146 11.0529
3882952 9.69039
388380 10.3792
3883856 9.86001
3883894 9.39304
388391 9.77785
388423 10.5928
3884651 10.7895
388513 10.9175
388558 11.0973
388559 10.6569
388595 9.66206
3886434 10.5838
388678 10.1801
3888628 10.476
3888673 9.96224
3888838 10.8089
3889350 10.4152
3889599 10.3889
3889811 10.1448
3890305 9.27499
3890632 11.2529
3890636 10.5311
3890637 10.0245
3890660 9.72097
3890676 10.3953
3890681 10.4457
3890898 10.0802
3891081 10.6129
3891082 9.86038
3891751 10.0697
3891831 10.7886
3897281 10.2559
3901985 10.4776
3902732 9.80332
3903675 10.4395
3903919 10.2783
3904345 10.4238
3904357 10.412
3904801 9.79199
39057 10.4833
3907189 10.4448
3907431 8.903
3907960 11.004
3908399 10.6547
3909358 10.1684
3909556 9.80743
3911227 10.0218
3911242 10.1783
3912128 10.0669
3912185 9.92901
3912690 11.2285
3913144 9.54528
3913340 9.82019
3913658 9.85165
39150 9.7849
39196 10.6341
39197 10.5439
39388 10.2832
39391 9.5586
39396 9.59477
39472 10.6923
39477 10.6396
39479 10.2046
39485 9.9749
39512 9.69653
39582 10.3769
396578 10.4516
396582 9.72656
396583 10.8522
396613 9.90474
39669 10.4345
396707 9.51144
396708 10.2673
396742 10.1257
396743 10.7431
396761 9.63598
396798 10.3692
396800 10.3045
396801 10.6221
396802 10.3991
396834 10.5783
396838 10.1644
396865 10.8192
397037 10.0141
39716 10.786
397207 10.5601
397294 10.4789
397298 11.0341
397453 10.7546
40016 9.8547
40020 10.0255
40083 10.3499
40110 10.6044
40120 9.70778
40164 10.4502
40236 10.0762
402408 10.7076
402421 11.0945
402423 9.89448
402546 10.0709
402728 10.0369
402757 10.575
402759 10.8483
40300 10.8669
40304 10.9978
40337 10.3219
40403 10.3526
40445 11.0489
40490 10.8964
40491 10.5187
40743 9.95082
40830 10.3723
41007 10.3716
41050 10.3876
41051 10.3474
41057 10.2314
41059 11.3207
41060 9.72034
41062 9.94306
41135 10.7376
41136 9.8717
41172 10.6519
41180 10.4629
41181 9.69453
41232 9.61286
41237 9.26099
41274 10.6203
41276 10.2248
417289 10.6098
417413 10.2387
417440 11.2336
417446 10.1655
417447 9.91608
417449 10.0732
417451 9.47312
417452 9.64575
417471 10.1438
417475 10.3102
417480 10.7975
417481 9.76355
417486 10.0369
417580 10.0336
418290 9.35784
418680 10.1912
418693 10.6704
418743 9.69857
418957 10.5973
419003 10.5423
419062 10.0082
419280 9.92162
419345 10.4851
419370 9.28047
419535 10.094
419547 9.89759
419548 10.7141
419572 10.3485
419574 10.5062
419649 10.4766
419650 9.77838
422046 10.2471
422291 11.3564
422292 10.4715
422389 10.458
422406 10.0736
422443 10.032
422527 10.3569
422562 9.97633
422571 10.0497
422612 10.5314
422807 11.3473
422808 10.3787
422812 10.3693
422830 10.0899
422832 9.96335
423198 10.6455
423267 10.0766
423761 10.6768
423794 10.8375
425769 9.78064
425811 10.5467
425914 9.99038
460456 10.0837
460608 9.87077
460643 9.98276
460682 9.49072
463142 10.6057
463170 9.59691
463645 10.045
47152 10.9929
47243 9.9528
47254 10.7854
47293 10.1918
47295 9.88337
47296 10.2503
47348 10.4558
47376 9.6296
47509 9.89781
47555 10.0875
47657 10.4324
47674 11.1017
47725 8.69066
47941 10.4009
48004 9.69174
48010 10.9082
48013 10.1959
48040 10.6062
48049 10.599
48053 9.7327
48328 10.2151
48377 10.8434
48428 10.2852
48470 11.0141
485097 10.7377
485099 10.3201
485100 9.83071
485126 9.78225
48515 10.2067
485195 9.95991
485224 10.0612
485279 9.58862
48548 11.0042
485506 11.3118
48556 9.93946
485647 9.76293
485684 11.0671
48576 9.47271
48580 10.259
485837 9.46075
48587 10.2252
485873 10.7612
485883 10.5333
485884 9.8361
485886 9.83065
485887 9.31261
485897 9.43128
485921 10.2561
485972 9.14576
486003 9.39493
48612 10.4049
486139 9.6481
486203 10.6388
486536 10.0748
486587 10.0597
48666 9.86216
486787 9.86635
48681 11.1523
486873 10.8891
486874 10.5059
487114 10.4653
487115 10.8186
48724 10.1844
48740 9.9907
48848 10.7159
49051 10.8519
491414 10.2317
491454 10.8568
491508 10.6058
491512 10.1252
491514 10.4442
491587 10.5108
492169 11.1379
492207 10.0971
492233 10.5171
492267 10.4737
49230 9.11213
492410 9.617
492411 10.6846
492480 10.1278
492485 10.3324
492486 10.1474
492487 9.96681
492690 10.2543
492718 9.92922
492762 10.5284
492941 10.3451
492987 10.3144
493028 10.7197
493601 10.4594
493609 10.081
493778 9.91682
493838 10.4323
493857 10.3014
493904 9.92907
493905 10.9172
496901 8.89118
496997 11.0897
497035 10.7288
497067 10.392
49729 10.6643
49761 9.78728
49784 10.2767
49937 10.8171
49941 11.3492
504579 9.62476
504600 10.0609
504678 9.95501
504879 10.4365
504959 9.50651
504997 10.2942
505313 10.569
505341 10.6973
505371 9.42773
505438 10.314
505765 10.9163
505800 10.3699
505915 10.5934
506116 10.3594
506119 11.0704
506120 10.0866
507719 10.7918
507720 10.004
507721 11.3604
508132 10.9708
508137 10.7904
508143 10.2181
508144 10.5027
508180 11.0536
508181 10.8344
508184 10.8037
508187 10.7846
508190 10.1721
508224 10.357
508225 10.3401
508268 10.2576
508312 10.2328
508315 11.0991
508316 10.4556
508353 9.3056
508441 8.85009
508478 10.317
508491 8.95559
508565 10.7078
508593 10.5704
508634 9.36714
508640 10.3708
508644 9.12763
508665 11.1444
508670 10.8324
508671 10.3443
508677 10.1911
508678 10.3535
508679 9.61594
508705 10.7278
508751 10.2488
508754 10.0319
508946 9.31802
509075 10.5428
509276 9.96035
509393 10.6663
509466 10.3752
509629 10.5345
509734 9.58345
509772 10.5579
509874 11.0722
509876 10.5863
509903 9.70052
509940 10.4925
511532 10.978
511535 10.9269
511558 10.0633
511617 9.92167
511728 9.94298
511864 10.0646
511887 10.4991
511892 10.8588
511923 9.43519
512021 9.99592
512099 10.6633
512312 10.3439
512351 10.2769
512436 10.2883
512552 10.5994
512555 10.1436
512997 9.8221
513145 10.6324
513148 9.73378
513328 10.4835
513331 10.362
514022 10.1599
514214 11.2275
514215 10.1058
514216 10.2627
514218 10.9582
516975 9.36154
517088 10.0146
517205 11.278
517206 10.1517
517210 10.0469
517211 10.8631
517214 10.2413
517215 10.1038
517218 9.85522
517236 10.2191
517244 10.4438
517278 11.1213
517279 10.0155
517457 10.7233
517465 10.0971
517590 9.26084
517798 10.3806
517971 9.70343
518715 10.3334
518828 10.6872
518829 9.95814
518913 10.7535
518914 10.4005
519141 10.9439
519225 10.6183
521348 9.81492
521372 10.6055
521383 11.0549
521575 10.1688
521738 10.8214
521767 10.3732
521823 10.878
521824 9.8288
521859 10.2882
521864 9.68324
521866 10.1114
521896 10.4256
521922 10.001
521949 10.7299
522033 10.6721
522076 9.74998
522151 10.1405
527513 10.1267
527984 10.7912
527985 9.32266
534626 10.0004
534644 9.95123
534738 9.97746
534755 10.6874
534758 11.0641
534760 10.7758
534943 9.87195
534971 10.8654
534980 10.086
535014 11.0422
535088 10.0749
535142 9.79811
535253 10.0015
535317 9.92794
535457 10.0213
535641 10.2661
535642 10.2355
535764 11.1995
536031 10.6309
536041 10.3296
536231 10.7789
536232 10.1376
536233 9.88505
536235 11.0581
536237 10.334
536296 10.0244
536454 11.0995
536466 10.3811
536488 8.87908
536567 10.1461
536570 10.9822
536897 9.54736
536962 11.1013
536963 10.8961
536964 10.7402
536994 11.2202
537004 10.3546
537031 10.9982
537035 9.94758
537036 9.73033
537057 10.5284
53706 10.3566
537084 10.9715
537127 10.171
537129 10.4457
537254 9.80599
537467 10.8256
53813 10.1382
53999 10.4468
54081 9.75377
54190 9.97741
54197 9.60728
54202 10.6029
54263 10.8829
54270 11.2875
54274 10.8518
543436 10.8333
543437 9.76382
543438 10.0321
543463 9.36893
543489 10.8958
543531 9.98196
543536 9.94765
543537 11.3413
543550 10.3758
543553 9.87467
543598 10.0618
543599 10.1448
543605 10.0624
543642 9.89465
543770 10.6558
54381 10.536
543861 9.76899
544049 10.4869
544104 10.6127
54415 9.85854
544179 10.1278
544209 9.82587
544259 9.89771
544260 10.3748
544281 11.2077
544304 10.9803
544328 10.5253
544330 11.3026
544360 9.81793
54462 10.3911
544707 9.92532
544749 10.9318
544755 10.7144
544954 10.5699
54500 10.8973
545012 9.53403
545020 10.2515
545220 8.58334
545454 10.7459
545903 10.7465
546021 9.25032
546026 9.19095
546040 10.862
54694 10.1629
54852 10.5405
54863 9.80896
548786 10.3522
548835 10.798
548954 10.7147
549070 10.0982
549073 9.95303
54917 10.2263
54918 11.0966
54921 10.9805
549223 9.71516
54923 10.4041
549296 10.9728
549313 9.86036
549343 10.7803
549706 10.5095
549980 10.021
55009 10.8445
550225 10.5483
550227 10.0965
550432 9.89973
55048 10.6815
550535 9.88007
550703 10.0954
550705 9.7372
550726 9.84583
550750 10.7338
550754 10.8437
550781 10.4065
55097 11.2304
55098 10.8148
55100 10.6586
551067 10.9597
551075 9.5539
551194 9.80424
55143 11.1683
55148 10.5484
551505 11.3444
551619 10.2152
55211 10.3873
55250 10.4742
55299 10.714
55328 10.0782
55373 10.4811
55713 9.57467
55771 10.8741
558972 9.95674
559067 10.6851
559114 10.0898
559250 10.9583
559398 10.53
559428 9.87072
559490 10.3119
55965 9.64055
559859 10.3191
56005 10.4233
56006 10.234
560119 10.4642
560258 9.84975
560287 10.9126
560288 9.62872
560295 9.91607
560337 10.5817
560339 9.81693
560341 11.22
560355 10.7632
560406 10.9037
560521 10.8905
56060 9.67162
56067 9.72378
560702 9.88421
560745 10.9637
560799 10.418
560836 10.5563
560881 9.93707
560918 10.8297
560925 9.91411
560976 10.6483
560982 10.3279
561032 10.7755
56106 10.0267
561091 9.27442
561274 10.843
561279 9.99013
56140 11.3377
561493 9.31915
561568 10.4432
561594 10.0052
561597 10.4398
561635 9.91017
561645 10.4608
561691 10.482
561785 10.5387
561793 10.0473
56181 10.354
561836 10.4616
56185 10.2714
56250 10.5889
567498 9.96086
567543 10.3509
567803 10.3548
567907 10.4121
567977 10.6441
568050 11.0418
568130 10.8459
568220 10.6231
568221 10.726
568222 10.7333
568242 9.96377
568243 10.1992
568545 10.4116
568713 10.4943
568714 10.6906
568817 10.975
568952 9.16053
569057 10.5107
569139 10.3945
569418 10.2492
569439 9.72041
569467 10.2067
569617 10.5754
569781 10.6417
570203 10.8368
570207 10.735
570214 9.32557
570240 10.0836
570363 10.0827
570366 10.4961
573998 10.311
574258 10.7608
574423 10.7656
574424 10.2231
574691 10.867
575237 11.1885
575268 10.699
575339 10.4228
575411 9.55182
575412 9.75237
575584 9.60342
575587 9.78193
575671 10.3264
583682 10.308
583723 11.2061
584050 10.0404
584648 10.4345
584682 11.415
584683 9.08675
584719 10.0174
584723 11.083
584990 10.3404
585000 9.65616
585196 10.5578
585215 11.0603
585216 10.4249
585432 10.2503
585501 10.3348
585624 10.386
585698 10.6952
585750 11.0272
586321 10.007
592272 10.8625
592275 9.8257
592294 10.5672
592384 9.91877
592425 10.794
592430 11.0597
592665 10.4189
592666 10.0278
592808 10.3185
592881 10.1661
592909 10.4197
592915 9.36569
593008 9.33388
593215 10.1094
593357 9.83467
593639 10.6238
593674 9.98796
593692 10.0839
593796 9.83619
593807 10.4098
593814 9.70391
593883 9.33199
594049 11.1233
594053 10.5502
594063 10.4932
594078 10.602
594841 10.0365
594933 10.3109
594961 11.2136
594975 8.88377
594992 9.25083
598929 10.8321
598947 10.8348
598948 10.2231
598966 9.86384
599000 10.7762
599076 10.5238
599834 11.2149
599838 11.1061
600446 10.1177
600501 10.6087
600564 9.48588
600677 10.949
600743 10.9844
600782 10.0612
600882 10.3016
600915 10.8306
600929 10.6363
600973 10.3925
601095 10.1501
601210 10.5998
601248 10.6975
601256 10.3307
601283 10.1554
601325 10.6608
601400 10.3515
601575 10.3873
601577 10.062
601625 10.8477
609246 11.0885
609717 10.1932
609777 10.959
609835 10.2359
609948 10.8584
609958 10.2223
609966 10.5633
610120 10.5721
610121 9.9145
610129 10.5897
610159 10.5091
610357 10.4055
610386 10.8143
610396 10.7078
610404 10.6851
610435 10.3578
610572 10.4619
610805 10.763
610876 9.93535
610926 10.2708
610930 10.2046
610937 10.5786
610938 10.8391
610976 10.3525
610978 10.2953
610991 10.0248
611064 10.3064
611078 9.99439
611107 10.7881
611298 10.1391
617429 10.2177
617522 10.3422
617693 11.1177
617732 8.96842
617767 9.80977
617935 9.90983
618057 10.4506
618100 11.061
618113 9.61867
618131 11.059
618133 10.5917
618138 9.60259
618142 10.2052
618151 10.5619
618155 10.2017
618476 10.5568
618605 9.96029
618612 10.8393
618661 11.0052
618662 10.1551
618663 9.56673
618905 10.0146
618907 9.60323
618908 10.4255
618912 10.3865
618914 9.9682
618929 11.3838
618930 10.464
618931 9.94286
618937 10.0714
618938 10.6831
618941 10.5961
618942 10.604
618943 9.62599
618947 10.6232
618976 10.5907
618988 10.0829
619066 10.8705
619096 9.69785
619107 10.1889
619123 9.7079
619258 10.1127
619311 10.6235
619480 10.2239
619905 10.3034
620150 10.0514
622032 10.3174
622082 10.8504
622163 9.76184
622210 10.0249
622228 10.8878
622349 10.4937
622350 11.0632
622352 10.6253
62239 10.8664
62244 10.1525
62269 10.3242
622979 10.5686
623017 10.8605
623018 9.67012
623043 10.4895
623097 10.2369
62312 9.25909
623120 10.2663
623143 10.3781
62319 9.86007
62332 9.74316
62334 10.0774
62336 10.5087
62339 9.37895
623414 9.60269
62344 9.60761
62361 11.3314
623677 11.1128
623736 9.95783
62377 9.38536
62983 9.96528
62990 10.4667
63018 10.2184
63187 9.83956
63210 10.3177
63275 11.273
636280 10.4397
63780 10.342
63935 9.38589
64085 10.0695
642106 10.6604
64983 10.0731
65083 10.6486
65214 10.5039
65408 10.9551
65410 10.0826
65473 10.0048
656580 10.4562
656763 11.0516
659897 10.6316
660107 10.4133
660108 10.2795
660155 10.7737
663408 11.2607
663409 10.4468
663418 9.7381
663440 9.99269
6844 10.6494
690138 10.221
691327 9.87784
692612 9.9491
693307 9.25684
69378 9.88601
69437 10.8121
69450 10.0308
69512 10.8354
69516 10.328
695915 9.6913
69604 10.1154
69716 11.0692
69717 10.5703
6974 10.6097
6975 9.92589
69862 10.3753
69903 10.3004
69986 10.9269
7001 10.1132
70016 10.0262
70017 9.98623
70021 9.94251
70022 10.9138
70088 10.47
70145 9.64636
70186 10.8706
70188 10.7562
70319 9.96481
70331 10.6401
70486 9.85495
70491 10.0324
70612 10.2654
70636 10.0976
70640 10.963
70670 11.2588
70672 10.478
70801 10.6629
70802 11.1008
70808 10.1708
70818 9.28304
70846 10.7911
70903 10.6468
70931 10.7299
71028 10.355
71033 9.8284
71034 9.95295
7104 10.1408
71063 11.1468
71119 10.6789
71178 11.0054
71196 10.2472
71310 10.2995
7139 10.5981
715643 9.34248
71580 10.0691
718506 9.44404
719185 9.2744
7203 10.3914
7209 10.8837
7289 11.1478
7376 10.2658
742632 10.5704
751313 9.57293
77064 10.4419
7715 10.8971
77219 9.33266
77238 8.8592
77345 9.86789
7742 10.2075
77610 9.84615
77648 10.0558
77705 10.8402
78350 10.3027
7839 11.0764
78522 10.5071
78530 10.3394
78633 9.80785
78659 10.9997
78660 10.613
78668 9.77353
78675 9.85119
78740 10.2163
79075 10.3706
79172 9.69715
7921 10.0674
79302 10.4605
79334 10.6864
79537 9.01882
79592 9.73075
79688 10.7552
7969 11.095
7970 9.83032
79706 9.22805
79733 10.1936
79748 10.3534
7980 9.96255
79810 9.81952
79834 10.7069
79866 10.2705
79876 9.99536
7992 10.9341
8011 10.4732
8130 10.7936
8223 9.98754
8277 10.336
8299 10.7309
8301 10.3958
8307 10.1464
83809 10.5197
83904 10.2735
84106 9.55591
84297 11.0415
84335 9.65108
84461 10.043
8450 9.55368
84517 10.4872
84521 9.94848
84610 10.6583
84655 10.0543
84680 10.5103
84734 11.0971
84740 10.7598
84743 11.0086
84752 9.69419
84763 10.2363
84764 10.1791
8487 10.5981
8488 9.31294
84897 10.4177
84982 10.5407
85012 10.4428
851165 9.05663
85160 10.479
85205 10.2868
85239 10.2885
8540 10.059
85416 10.1394
85448 10.8244
85559 10.6842
85638 9.55566
85667 10.9698
85707 10.8827
85810 10.2717
85814 10.2429
85884 9.65969
85924 9.96797
85995 10.7172
86270 10.3849
8709 10.2976
8721 10.0279
881005 8.61321
8812 10.0682
8865 10.633
8915 10.1486
8953 10.8204
8954 8.99461
8975 10.0207
9032 9.72817
91328 10.2973
91399 10.6361
91415 9.6411
91543 10.1519
91545 10.4567
91568 9.96291
91582 9.66195
91689 10.1994
91691 10.5119
91697 10.637
91959 10.0177
91961 10.9849
91962 10.4584
91963 11.0836
91988 11.1722
91989 10.1225
91999 10.543
92000 9.62407
92010 8.94252
92212 10.1011
92431 9.51565
92434 9.83324
92435 10.1797
92455 11.0111
92466 11.0468
92592 11.0812
92684 9.81565
92727 10.0859
92737 9.48511
92773 10.836
92778 10.46
9278 10.1052
92782 10.7059
92875 10.7359
92884 9.29701
93019 11.2046
93020 9.48901
9317 9.71812
9321 10.3512
9322 10.7532
93676 9.64125
93700 9.78112
93803 10.9236
93807 10.6897
93907 9.77819
93964 10.2716
93970 9.70549
97858 10.5874
97907 11.0337
97908 10.9622
97915 10.9324
97918 10.7088
97926 9.71192
98067 10.8052
98211 9.81025
98409 10.0486
98621 10.8104
98827 9.21836
98880 11.2315
98957 10.4382
98991 10.701
99028 10.8653
99031 10.8299
99034 10.1532
99035 10.5051
99116 10.1469
99120 10.4299
99121 10.2252
99151 10.6407
99203 10.4641
99428 10.8393
99854 10.5767
99878 9.5247
99928 10.6481
99931 10.4028
99933 10.433
99934 9.86763
99973 9.3165
99983 9.84855