0.2125 0.4375 0.6625000000000001 0.8875 1.0980165845520649 1.3132642553506992 1.570707609198272 1.8786183995653805 2.2468899179695105 2.687354869217192 3.2141655607372535 3.84424862163393 4.5978488617570115 5.499179745189056 6.577201378111707 7.8665510080989955 9.40865593213593 11.253064571522907 13.459038481611952 16.09745644825678 19.25309185032427 23.027336460796235 27.5414582032332
-0.27127096290239594 -0.20279342349263874 -0.1476082096910032 -0.07138961284774537 -0.06153713939799177 -0.02065453865315825 0.014328792749894959 0.039324829025521146 0.08668455419152965 0.1228601365783869 0.1666611542652765 0.19678856342839868 0.2395539983676972 0.292306918869209 0.34595156156519336 0.39697966348916236 0.41718736759070263 0.43253507508839195 0.4273798102874443 0.4271415427688533 0.4360720624788338 0.42986062969404837 0.42198664704367905

0.21250000000000002 0.4375 0.6625 0.8875 1.0980165845520649 1.313264255350699 1.570707609198272 1.8786183995653805 2.2468899179695105 2.6873548692171925 3.214165560737253 3.844248621633929 4.597848861757012 5.499179745189056 6.577201378111707 7.8665510080989955 9.40865593213593 11.253064571522907 13.45903848161195 16.09745644825678 19.253091850324267 23.02733646079623 27.5414582032332
-0.20968489833854775 -0.13139336767825704 -0.10883367002567823 -0.05844273793898247 -0.02266625055432181 0.01029187525876818 0.03251982515231844 0.062267793701811125 0.09890150384060692 0.129492525348592 0.17157213013736994 0.21226975398521497 0.25587564628375026 0.30588947313828707 0.36037039764315815 0.4051936340326301 0.4243201260171884 0.43146432675795954 0.428407375890826 0.420169941383569 0.4199888501240874 0.4155794210540027 0.39433873883936366

0.21250000000000002 0.4375 0.6625000000000001 0.8875000000000001 1.0980165845520649 1.313264255350699 1.5707076091982721 1.8786183995653807 2.2468899179695105 2.6873548692171925 3.2141655607372535 3.84424862163393 4.597848861757012 5.499179745189056 6.577201378111709 7.866551008098997 9.408655932135932 11.25306457152291 13.459038481611953 16.097456448256786 19.253091850324275 23.02733646079624 27.54145820323321
-0.10225879155773732 -0.07617752941313327 -0.042167195801871005 0.011766212935962694 0.014952623970279633 0.021995389597557424 0.04462725971763315 0.0688675397546904 0.10025914458248397 0.14456473470007136 0.17961093097360104 0.22883480266577194 0.2854142373407653 0.33761550409688523 0.3869057727744889 0.41742259615280064 0.42707441015978154 0.4295407393042934 0.4187988082757276 0.4205893314769732 0.4154524857011058 0.4002970274268397 0.33768348120032543

0.21250000000000002 0.4375 0.6625 0.8875000000000001 1.0980165845520649 1.3132642553506992 1.5707076091982721 1.8786183995653805 2.2468899179695105 2.6873548692171925 3.214165560737253 3.84424862163393 4.597848861757012 5.499179745189056 6.577201378111707 7.866551008098997 9.40865593213593 11.25306457152291 13.459038481611953 16.097456448256782 19.253091850324275 23.027336460796235 27.5414582032332
-0.04029758910575376 -0.01345299022006885 -0.013148117800187986 -0.00017471171380312178 0.02962638070982415 0.05541280750816269 0.07146645803924234 0.0991247732617887 0.1391541180231204 0.17344955372960158 0.214125683168085 0.2661538790251563 0.31508031083481536 0.36069329407984074 0.41226803096603193 0.43820299812538055 0.44885167545696125 0.45134792389911993 0.43700566400106955 0.4165645457397783 0.3896666359608999 0.367368474538456 0.3198463992221867

0.2125 0.4375 0.6624999999999999 0.8875 1.098016584552065 1.313264255350699 1.570707609198272 1.8786183995653807 2.2468899179695105 2.6873548692171925 3.2141655607372535 3.8442486216339304 4.597848861757012 5.499179745189056 6.577201378111708 7.866551008098998 9.408655932135932 11.253064571522911 13.459038481611953 16.097456448256782 19.253091850324275 23.027336460796235 27.5414582032332
0.04905599905699631 -0.007326641727373628 0.0198203896806024 0.02294702804144233 0.027956015735712936 0.056803906977940466 0.07702884715338809 0.10920635041339277 0.13484803034020043 0.18379148575010984 0.22583515072791527 0.281570059346693 0.3257705132776574 0.38285850845652614 0.422552766980258 0.4429568781042167 0.45153405051091433 0.44710740523453685 0.4300066176947066 0.4032260736866131 0.38183378090325193 0.3538677363056989 0.2789129970092208

0.2125 0.43750000000000006 0.6625 0.8875 1.098016584552065 1.313264255350699 1.570707609198272 1.8786183995653802 2.2468899179695105 2.6873548692171925 3.2141655607372535 3.8442486216339296 4.597848861757012 5.499179745189056 6.577201378111709 7.866551008098997 9.40865593213593 11.25306457152291 13.459038481611948 16.097456448256775 19.253091850324267 23.02733646079623 27.541458203233198
0.0003902118356065021 0.0031380573781064625 -0.0006715573531435037 -0.007985541081834135 0.004733402803877351 0.043790405119935594 0.08186933903771021 0.13759801617890977 0.19092143591207256 0.24818875219063963 0.31299846223931316 0.36182604855207945 0.41343249822788386 0.44787641170016845 0.45969452303728753 0.45442265063304355 0.4437604896050066 0.4170690527945867 0.38453503338131334 0.3506213000115349 0.31205367372599924 0.23686095163328924 0.21668621337516436

0.2125 0.43750000000000006 0.6625000000000001 0.8875000000000001 1.0980165845520649 1.313264255350699 1.5707076091982721 1.8786183995653805 2.246889917969511 2.6873548692171925 3.2141655607372535 3.8442486216339304 4.597848861757013 5.499179745189057 6.5772013781117105 7.866551008099 9.408655932135934 11.253064571522915 13.459038481611959 16.09745644825679 19.25309185032428 23.027336460796246 27.54145820323321
-0.027411358765462746 -0.012583201748095574 0.024035530495004176 0.02549078969746188 0.04003141283934952 0.0485480603838202 0.0767181445440529 0.10757618661458024 0.15789557635005202 0.21371385535828302 0.24209251006685595 0.2939009801654393 0.34378679918103816 0.3923732111513971 0.41733772931943436 0.43027651683716894 0.4388115704853571 0.4165705050255222 0.39856034859275535 0.37572928388516225 0.3187387314656821 0.2646898330380859 0.1870795027164356

0.2125 0.4375 0.6625 0.8875000000000001 1.098016584552065 1.3132642553506992 1.570707609198272 1.8786183995653807 2.2468899179695105 2.687354869217193 3.2141655607372543 3.8442486216339304 4.597848861757013 5.499179745189056 6.577201378111711 7.866551008099 9.408655932135934 11.253064571522913 13.459038481611955 16.097456448256786 19.253091850324278 23.027336460796242 27.54145820323321
0.010586196574313256 -0.03361108878169783 -0.02512691662850064 0.006758479600119216 0.03207442838058605 0.054605519284122606 0.08764937070732803 0.13753560904886442 0.18712608040412249 0.23908811597593282 0.2768437686111298 0.31539832803216883 0.351373824782217 0.3925649792565392 0.4241112602997521 0.4345626987268174 0.4348835618370185 0.40456404917449207 0.35591330521172837 0.2971986680213845 0.24460660163473047 0.19989789406687553 0.17595566915674965

0.2125 0.4375 0.6625 0.8875 1.0980165845520649 1.3132642553506992 1.570707609198272 1.8786183995653802 2.2468899179695105 2.687354869217192 3.214165560737253 3.84424862163393 4.597848861757013 5.499179745189056 6.577201378111708 7.866551008098998 9.408655932135932 11.25306457152291 13.459038481611953 16.097456448256782 19.253091850324275 23.027336460796235 27.541458203233205
-0.047476255231088116 -0.020034579775580985 -0.02044156162303179 -0.0072696056521102115 0.008258254430636214 0.04814607033693741 0.07576667778114354 0.1179914220661753 0.15735843407139982 0.21716526972207872 0.27020445115586433 0.30215515907904145 0.32968986410172196 0.3688721389035915 0.4084491436354418 0.42534486981685227 0.43041899493894753 0.412627653718466 0.36661740582735947 0.2977128494275534 0.22683098412645664 0.19276569156943857 0.1443531174562952

0.21250000000000002 0.4375 0.6625000000000001 0.8874999999999998 1.0980165845520649 1.3132642553506992 1.5707076091982721 1.8786183995653807 2.246889917969511 2.6873548692171925 3.214165560737253 3.844248621633929 4.5978488617570115 5.499179745189056 6.577201378111707 7.866551008098996 9.40865593213593 11.253064571522907 13.459038481611953 16.09745644825678 19.25309185032427 23.027336460796235 27.5414582032332
-0.06581560484105187 -0.01954975545317117 0.03679679018837556 0.025679450130935755 0.03495993265649944 0.04885583323368803 0.09868912841271382 0.1439029946803312 0.20062567548544596 0.2540269490743501 0.2919010926502147 0.3256240895739193 0.3563231654203102 0.3944458858731761 0.41418890331542235 0.41405370602520863 0.40586025509837087 0.3841332432336364 0.34533929950860187 0.2750769641348203 0.21571031610052882 0.16893253724297597 0.15772555549524525

0.21250000000000002 0.43750000000000006 0.6625000000000001 0.8875000000000001 1.098016584552065 1.3132642553506992 1.570707609198272 1.878618399565381 2.246889917969511 2.6873548692171925 3.214165560737254 3.8442486216339304 4.597848861757013 5.499179745189058 6.57720137811171 7.866551008099001 9.408655932135934 11.253064571522913 13.459038481611957 16.097456448256786 19.253091850324278 23.027336460796242 27.54145820323321
-0.0644401495401925 0.027634224070232416 0.023186312369225526 0.01459453631653651 0.04118964440503925 0.0516812637182934 0.07895711799706873 0.12237868420503717 0.16726484782081685 0.21639444746854974 0.2565859978711623 0.29164570117339916 0.32593675161680846 0.36845887541618727 0.3924174379577462 0.4130721729182105 0.4210433913747189 0.4088186891694825 0.3617265277094598 0.2833101814455794 0.19897836790422552 0.1643228040185587 0.14270168843672515

0.2125 0.43749999999999994 0.6625000000000001 0.8875 1.098016584552065 1.313264255350699 1.570707609198272 1.8786183995653807 2.246889917969511 2.6873548692171925 3.2141655607372535 3.8442486216339304 4.597848861757013 5.499179745189057 6.57720137811171 7.866551008099 9.408655932135936 11.253064571522915 13.459038481611955 16.09745644825679 19.25309185032428 23.027336460796242 27.541458203233205
0.012050978776329324 0.0022310702841906727 0.019430510770889864 0.028753697427977953 0.043041720331465805 0.07163468923095273 0.10728650161230002 0.14636269777323552 0.19372431775042642 0.23991404888433154 0.281259200865814 0.30843492128456385 0.33558651380553817 0.3812523892761631 0.4139934391665602 0.43283835090793565 0.43056237618765225 0.40012642882340244 0.35092154149215093 0.27312727133683523 0.19556149863215655 0.1594406501621386 0.1375761211017369

0.21250000000000002 0.43749999999999994 0.6625000000000001 0.8875000000000001 1.098016584552065 1.313264255350699 1.570707609198272 1.8786183995653802 2.2468899179695105 2.6873548692171925 3.214165560737253 3.8442486216339296 4.5978488617570115 5.499179745189055 6.577201378111708 7.866551008098996 9.408655932135932 11.25306457152291 13.459038481611953 16.09745644825678 19.253091850324275 23.027336460796235 27.5414582032332
-0.007709499015107868 0.011213300640193768 -0.002812720009365721 0.020198162009542164 0.05168783436108959 0.07416940072592482 0.1230886003022853 0.1602893025746851 0.209794030354989 0.25501139689125707 0.30168119187556786 0.32953497847673263 0.34430431598999833 0.3735214832199224 0.4037429312503077 0.4202096725159762 0.40044375066366455 0.35910309896373194 0.2927140347227396 0.23973100976412764 0.19072057637369655 0.15886860320747398 0.13317860013415228

0.2125 0.4375 0.6625 0.8875000000000001 1.098016584552065 1.3132642553506992 1.570707609198272 1.8786183995653807 2.246889917969511 2.6873548692171925 3.214165560737254 3.844248621633931 4.597848861757013 5.499179745189057 6.5772013781117105 7.866551008099 9.408655932135934 11.253064571522913 13.459038481611957 16.097456448256786 19.253091850324278 23.027336460796242 27.541458203233205
-0.002408014854066831 0.014444786577551105 0.009474201860342535 0.026581042703882618 0.04014937516956951 0.08682209295441856 0.10365481401977705 0.13867741446694803 0.1801264752181122 0.2378107718465866 0.30310931068612634 0.3631541384211774 0.38908806190572454 0.4048480593415651 0.43099139795745567 0.43254096182297885 0.40780526427068475 0.3606951625499093 0.3241180765284766 0.28957024366633877 0.21797457492631978 0.15407226925724427 0.12229750803695105

0.2125 0.43750000000000006 0.6625 0.8875 1.098016584552065 1.3132642553506992 1.5707076091982723 1.8786183995653807 2.2468899179695105 2.687354869217192 3.214165560737253 3.8442486216339296 4.5978488617570115 5.499179745189055 6.577201378111707 7.866551008098997 9.408655932135932 11.25306457152291 13.45903848161195 16.09745644825678 19.253091850324275 23.027336460796235 27.5414582032332
-0.06377076889112954 0.003846948983811993 -0.008937899885206102 0.021853952209694105 0.043402952885356005 0.045842996221241994 0.08437400971706799 0.1333657536512568 0.1801327014158437 0.23608880845714109 0.285161726275455 0.3360413515245174 0.37798197035483516 0.40860690309847636 0.42743721862881023 0.4229077030064565 0.40080803570241963 0.369523532079687 0.31714293138766636 0.26365679483677207 0.21971612847687327 0.1875813499795005 0.14329125459892433

0.21250000000000002 0.4375 0.6625 0.8875000000000001 1.098016584552065 1.3132642553506992 1.570707609198272 1.8786183995653807 2.246889917969511 2.6873548692171925 3.214165560737254 3.8442486216339313 4.597848861757013 5.499179745189057 6.577201378111711 7.866551008099001 9.408655932135934 11.253064571522913 13.459038481611955 16.097456448256786 19.253091850324278 23.027336460796242 27.541458203233205
-0.038198948610586925 0.02985139803449366 0.019491495460886354 0.010951026609826164 0.03358249825662796 0.0578029589294623 0.08759012874791827 0.12928537533375706 0.18026273503864532 0.23703511157507817 0.29316688826193804 0.342242583165533 0.3767112376152446 0.40702050872871864 0.4192461936091284 0.42375815959968177 0.41111193671419344 0.38164035696822796 0.33269294531287774 0.272214479277333 0.21795888110837203 0.16861228666782524 0.13970960809525745

0.21250000000000002 0.4375000000000001 0.6625 0.8875000000000002 1.098016584552065 1.313264255350699 1.570707609198272 1.8786183995653807 2.2468899179695105 2.6873548692171925 3.214165560737253 3.844248621633929 4.5978488617570115 5.499179745189054 6.577201378111708 7.866551008098997 9.408655932135934 11.253064571522911 13.459038481611955 16.097456448256786 19.253091850324275 23.027336460796242 27.541458203233205
-0.016970254607919566 0.010022695696852768 -0.0034185201085996653 0.03390623189858011 0.026771480892575195 0.061278153039697636 0.0834536576588677 0.12900063609245493 0.1763429133094021 0.21746603161771794 0.26369889474804387 0.30517966388595863 0.34394896351627635 0.37394362326061314 0.3947751459736232 0.41851686440881397 0.4150192216738331 0.3865341282846696 0.3567483684695181 0.3200417023722417 0.25957277713870164 0.1864264640739537 0.14361723244729174

0.21250000000000002 0.43750000000000006 0.6625 0.8875000000000001 1.0980165845520649 1.313264255350699 1.5707076091982721 1.8786183995653805 2.2468899179695105 2.6873548692171925 3.214165560737253 3.8442486216339296 4.5978488617570115 5.499179745189055 6.577201378111708 7.866551008098996 9.40865593213593 11.25306457152291 13.459038481611953 16.09745644825678 19.25309185032427 23.027336460796235 27.5414582032332
-0.022744212471740743 -0.03026392315302151 -0.0007064384023680592 0.020206831130259006 0.03229242115744402 0.06755628071554942 0.08158800260442112 0.13271803127878767 0.1763906158775067 0.23144851133281974 0.27941607741169805 0.31782710463446573 0.3608852033242147 0.38900891925935677 0.4161806175602999 0.4136990867659399 0.40151678082196307 0.3741373530515213 0.3346198933863006 0.2700746253513201 0.2154813965274205 0.16088532595497318 0.13603101758431824

